50
c 2620 6343
a 216 1149
b 7761 5655
7168 3961
a 9755 3461
9303 1617
2644 274
c 5959 5822
727 2106
8801 6103
1074 7558
c 5311 3362
9831 8685
8323 7534
b 2274 3201
6879 1691
b 4615 5358
7179 5712
5079 7186
2942 1540
a 7365 5932
6106 4150
6029 3705
a 7933 3773
1744 9199
3392 7815
407 7594
5261 5569
7124 4780
a 6210 6762
2655 3559
c 9982 8521
6779 7285
3922 406
b 5968 5627
c 4878 831
2946 7129
4251 1035
7269 6391
c 7681 1516
a 3246 2563
8045 3370
5908 8263
c 9022 6608
b 3980 1593
1904 3328
b 7330 7777
a 8796 8261
8602 274
3869 7732
