1000 1000
318 33 631 199
355 15 850 112
69 291 294 518
10 671 330 999
4 764 23 781
155 101 270 148
25 375 35 529
351 100 898 429
112 181 980 649
307 406 760 464
213 16 333 314
21 27 664 220
95 154 353 821
815 355 968 846
257 50 374 82
152 842 862 957
23 196 958 261
19 82 76 679
775 9 992 685
46 610 257 810
583 105 630 845
303 21 690 395
39 691 828 909
15 175 217 540
92 228 152 255
339 278 934 716
285 9 752 112
48 222 921 329
499 567 525 902
333 24 648 151
107 242 411 369
506 14 908 398
5 192 5 747
215 239 814 327
50 359 438 498
82 55 178 244
40 38 145 108
105 21 258 950
42 91 319 488
42 242 237 502
179 766 600 977
77 93 303 392
209 771 241 958
20 699 201 707
29 424 814 441
53 61 742 813
91 25 300 144
130 598 997 978
102 304 306 306
4 248 49 394
61 404 351 501
43 374 559 584
148 119 376 794
530 258 606 941
145 433 436 518
381 154 495 624
114 52 930 93
324 26 838 164
445 56 664 84
8 44 20 44
109 147 189 445
403 173 737 393
81 110 262 897
262 803 521 983
57 266 427 373
270 553 536 805
127 117 241 248
68 40 291 72
109 162 868 222
777 228 966 729
336 498 625 731
57 493 66 947
119 58 319 133
181 322 289 560
493 450 807 883
280 174 306 850
355 389 423 606
299 312 334 905
173 48 635 653
193 5 599 457
125 230 941 299
111 18 211 881
56 69 763 601
241 225 802 448
18 2 54 369
50 260 625 929
312 180 581 208
1 103 16 854
81 363 152 571
732 918 803 997
35 752 950 900
277 177 699 576
252 921 296 937
531 69 865 243
329 818 450 840
80 198 693 775
213 193 698 660
114 606 656 992
357 71 891 104
12 327 31 682
598 836 618 887
74 43 130 127
749 12 966 310
38 135 85 871
456 71 530 468
143 703 460 753
17 240 209 849
36 501 530 688
113 56 574 161
126 606 287 668
968 75 978 85
286 313 307 525
375 804 992 883
506 197 988 867
71 99 716 499
449 113 538 350
519 103 863 133
106 131 801 855
896 247 939 423
435 147 947 793
13 49 27 159
14 93 25 597
42 287 448 699
97 263 400 488
143 774 621 966
255 112 820 219
357 89 642 500
235 107 644 141
90 676 299 971
120 15 567 652
300 115 350 159
364 79 998 446
95 84 763 125
694 343 696 347
35 42 198 400
324 191 540 506
217 145 828 250
761 270 901 334
353 73 844 110
164 11 907 66
253 239 543 257
279 154 955 296
7 587 47 905
128 590 762 855
336 16 456 342
8 26 28 94
65 462 555 662
131 43 727 227
376 438 483 733
18 75 28 135
12 506 392 934
95 49 140 137
122 79 831 780
729 256 873 262
240 2 275 144
253 205 370 369
87 482 453 831
907 710 966 933
214 6 866 269
601 588 757 658
360 662 437 903
440 791 516 876
11 63 19 678
148 39 398 116
683 264 946 934
100 84 218 940
25 317 208 536
132 240 193 391
291 12 646 50
304 53 925 81
23 63 110 445
709 858 912 976
121 128 910 390
563 5 681 442
204 171 977 353
57 284 743 457
395 344 507 440
727 427 872 555
138 263 351 759
119 450 735 547
123 21 288 237
19 8 31 35
177 74 387 409
4 77 218 326
33 44 118 473
213 730 379 935
297 781 694 808
70 22 706 108
265 231 696 248
168 22 283 166
855 237 927 260
572 56 938 427
396 631 899 780
359 33 715 364
368 230 524 348
575 503 807 665
53 547 264 885
2 330 51 664
825 213 923 772
69 56 198 394
79 240 525 661
351 252 376 435
51 109 782 240
187 116 256 405
129 319 289 373
20 311 36 335
95 75 107 194
105 48 587 139
55 166 151 181
130 102 968 404
42 604 995 960
111 6 364 482
696 242 854 890
551 36 577 66
173 199 259 423
100 713 562 794
265 646 326 714
278 98 469 719
93 395 678 786
132 96 619 243
65 265 132 444
743 121 861 965
282 302 388 784
13 255 929 681
112 216 394 954
383 702 672 996
447 148 781 151
182 135 393 195
585 852 991 989
323 16 953 677
73 389 460 990
325 61 670 356
56 89 309 244
146 9 239 363
122 76 513 830
29 367 376 694
570 272 682 715
287 852 392 890
8 254 232 669
21 221 24 232
16 1 475 1
73 228 363 751
132 308 580 555
74 108 600 263
619 369 977 593
90 66 482 295
39 692 316 809
376 219 392 689
283 405 690 741
141 423 491 716
108 222 622 761
104 353 375 753
72 179 345 822
10 144 117 641
475 193 801 912
762 42 952 200
46 28 941 42
97 56 109 675
164 230 787 285
15 118 37 154
911 158 976 287
228 81 928 504
625 44 767 52
108 161 252 384
327 132 778 755
188 569 429 882
82 555 166 917
3 47 71 297
259 79 583 196
244 65 699 67
67 722 118 917
265 78 300 894
316 430 649 590
174 60 823 930
543 269 846 428
666 660 724 828
123 74 375 505
891 64 923 165
33 309 81 425
162 214 319 377
78 141 318 475
77 603 404 743
222 225 522 374
257 42 553 886
352 187 742 479
58 2 644 241
144 336 665 521
302 567 897 969
264 8 443 48
91 127 142 537
613 91 910 372
227 133 257 219
368 69 698 91
86 348 331 423
683 193 943 224
214 319 544 334
185 227 733 814
242 278 703 335
427 316 707 852
27 109 71 165
206 8 255 31
637 101 805 227
644 346 802 669
332 41 354 399
100 268 565 866
30 4 201 256
34 531 108 655
134 189 172 238
96 318 620 460
191 139 686 350
5 372 18 518
6 185 268 866
451 285 732 825
63 28 80 32
69 392 686 466
31 64 55 68
452 214 527 349
53 68 698 678
243 167 547 235
351 537 453 950
46 99 774 151
29 221 182 712
75 233 177 811
259 34 879 62
208 32 762 60
141 264 737 372
801 412 959 666
947 240 967 501
293 70 652 116
47 356 179 687
441 729 498 832
485 8 893 547
212 242 606 453
153 135 176 694
545 198 711 480
105 6 332 489
169 135 956 711
92 248 750 571
327 90 754 130
6 635 677 809
68 142 613 821
275 211 866 359
7 523 190 818
199 615 658 723
100 7 786 23
134 52 946 939
50 746 69 810
731 126 970 405
76 35 226 409
372 310 768 348
6 176 165 678
141 7 753 38
13 234 412 238
53 42 177 556
342 15 365 160
56 369 565 422
585 257 831 694
7 559 42 954
733 297 984 440
274 18 477 223
28 30 461 48
586 320 603 708
5 155 867 277
573 257 698 624
161 87 669 156
269 6 461 439
180 59 230 351
298 387 574 803
375 70 850 245
475 172 952 958
16 636 586 830
516 474 805 525
184 150 680 343
6 363 133 802
268 78 504 466
463 63 621 68
3 56 312 187
291 82 496 451
157 85 280 738
124 64 262 230
786 410 924 443
123 28 244 72
177 510 889 893
20 624 960 637
63 672 176 956
347 39 406 375
122 79 465 819
324 324 400 381
84 67 823 507
166 204 930 205
37 69 97 340
31 504 328 657
527 370 612 620
61 163 346 277
241 847 447 879
169 435 259 962
32 102 820 603
112 1 807 15
663 35 706 596
133 1 252 43
275 361 662 413
30 147 41 341
333 47 571 112
264 597 425 852
243 48 454 113
387 186 480 966
10 166 561 527
163 584 569 810
55 616 222 666
102 116 359 814
111 703 278 785
299 442 636 724
53 324 189 345
205 224 662 917
297 12 443 126
11 157 935 821
123 198 839 886
22 107 52 223
5 408 7 587
125 14 310 31
142 38 376 485
211 50 401 73
162 133 198 701
118 361 522 502
170 30 739 761
136 342 335 384
335 21 970 204
14 10 234 119
351 6 603 350
128 308 422 312
12 47 13 105
598 346 606 740
487 187 852 504
527 210 887 308
330 112 511 211
48 284 329 672
8 389 21 406
413 193 717 537
325 248 642 865
339 457 605 562
161 657 417 781
73 80 88 871
46 48 82 55
8 100 78 101
387 224 506 385
304 564 922 656
162 208 520 269
103 144 182 456
19 47 236 629
478 112 499 469
695 13 875 20
51 87 121 90
375 160 474 294
9 173 301 503
230 131 771 822
72 230 277 635
102 142 263 155
694 850 975 865
802 5 884 386
631 47 827 202
400 148 847 829
10 41 331 59
758 157 880 670
68 567 304 658
19 140 165 260
93 361 124 370
43 94 107 140
245 197 693 344
39 208 525 335
661 626 745 708
133 33 729 416
100 87 425 503
81 239 762 979
250 37 348 419
740 292 910 311
4 532 7 675
16 107 361 531
141 320 590 748
188 89 515 213
166 2 715 3
67 59 981 311
135 11 729 14
297 106 324 225
213 261 899 436
82 6 318 301
179 24 400 446
7 168 10 279
554 31 633 85
646 829 748 970
819 9 983 130
341 28 354 113
317 219 548 551
72 24 203 580
116 9 377 54
111 22 684 74
282 6 510 14
86 670 335 925
53 253 55 254
13 266 366 666
483 124 568 875
78 183 454 958
8 48 11 945
4 10 18 29
137 730 395 995
127 107 272 572
438 39 825 76
83 13 93 449
135 482 675 936
173 189 245 210
149 66 506 229
145 5 610 368
85 97 362 889
663 637 812 833
178 11 908 99
13 574 899 630
54 18 917 497
4 29 59 67
440 257 647 774
119 15 493 192
192 244 432 695
231 436 527 852
787 201 950 406
4 305 35 797
172 174 646 177
25 891 243 937
22 52 62 57
112 32 248 756
274 28 802 301
115 455 153 502
137 647 259 900
38 694 48 778
749 81 954 117
87 2 405 15
301 90 423 582
13 491 689 833
37 313 134 326
86 156 179 283
84 7 534 96
627 25 873 31
376 156 499 374
721 163 740 812
185 435 745 442
2 171 274 237
397 297 562 444
20 613 79 839
260 512 286 611
690 150 993 171
394 158 896 415
501 99 578 112
108 144 553 684
586 70 920 382
40 256 177 333
49 4 171 453
22 57 63 763
44 5 285 6
31 125 420 291
672 308 754 370
81 677 405 777
509 267 510 421
84 276 105 431
84 299 883 863
706 263 978 400
147 224 406 602
175 9 892 15
657 141 736 844
196 131 620 492
169 48 912 322
14 340 105 812
637 37 675 77
266 203 477 340
59 128 294 410
535 51 777 231
61 47 74 189
528 13 680 466
33 597 140 694
78 226 857 306
183 860 383 922
128 13 613 447
28 91 208 149
89 150 380 328
203 549 517 851
492 80 668 728
755 631 773 802
53 3 460 40
75 232 313 694
184 52 492 791
388 671 939 977
220 173 304 234
49 24 84 28
47 23 108 210
214 161 364 663
17 367 54 725
644 262 770 715
312 148 857 825
53 112 153 697
135 75 282 643
7 130 22 699
194 247 260 729
150 798 743 925
163 91 649 164
31 439 230 804
586 133 980 693
293 24 741 401
345 146 395 271
256 375 321 558
50 30 286 609
826 128 885 407
304 167 923 338
449 474 494 685
204 470 377 526
214 73 278 600
440 543 870 582
474 91 491 687
158 533 647 731
4 61 138 333
14 19 22 71
341 132 755 504
220 11 381 648
188 27 247 442
10 395 375 472
47 158 158 481
41 200 212 502
113 400 834 456
197 282 526 674
234 263 530 413
21 659 60 714
126 883 508 952
100 3 423 133
442 85 965 444
229 131 945 480
51 135 935 339
80 15 365 58
38 116 470 207
267 2 272 778
14 195 82 662
141 111 146 111
639 272 907 580
38 129 59 217
510 273 556 317
144 844 374 952
214 33 510 375
102 67 153 260
169 419 273 572
5 361 35 581
144 572 160 868
13 9 85 123
264 165 439 775
359 106 727 131
18 362 857 432
1 316 43 929
733 239 852 387
531 479 967 611
49 242 830 673
111 587 795 667
102 1 441 519
1 400 1 459
219 40 242 123
197 116 403 164
845 186 902 683
53 101 645 374
389 60 398 97
482 204 763 644
208 286 515 582
333 634 392 828
12 118 302 294
664 195 809 516
380 195 550 506
206 4 231 625
14 24 73 406
39 1 402 4
198 89 585 111
92 592 290 858
145 312 503 877
373 294 744 309
153 98 167 300
102 350 276 505
184 312 910 900
69 269 255 572
32 324 34 712
267 43 921 127
22 100 356 912
172 12 573 104
488 31 755 581
51 133 85 215
10 722 466 913
77 871 836 939
545 25 650 78
345 104 557 809
71 10 73 76
205 8 531 105
667 123 686 573
49 210 140 748
18 496 660 829
717 417 767 940
338 147 370 260
54 493 68 680
61 440 107 550
3 119 7 574
166 639 499 642
169 401 389 985
248 580 813 975
347 284 914 962
561 8 573 34
30 524 65 748
512 9 650 324
700 396 897 487
385 222 480 863
621 330 847 330
286 134 304 218
321 105 532 286
130 384 319 411
258 161 511 284
168 504 607 767
251 86 605 865
26 927 79 985
271 322 666 628
45 378 846 877
23 90 162 93
65 86 503 280
314 522 563 824
24 2 942 42
78 362 906 624
263 275 609 639
64 464 266 549
192 588 425 836
772 1 928 23
148 232 654 337
89 15 160 22
41 322 64 462
220 47 438 982
672 238 972 918
53 244 467 617
378 138 452 242
162 270 264 951
189 141 288 659
253 96 680 275
61 25 89 251
340 132 584 424
145 161 342 945
403 171 562 195
309 53 436 583
140 173 533 256
58 86 914 860
41 131 134 222
100 57 473 807
44 178 230 373
83 32 318 106
596 88 652 836
491 303 770 338
475 49 945 162
9 507 21 796
13 296 17 546
250 404 352 530
857 151 903 211
135 31 668 289
282 246 476 396
548 31 734 599
17 133 112 372
155 536 167 746
86 155 291 420
21 557 302 624
128 73 186 133
102 898 422 928
143 409 323 631
104 21 229 40
61 2 763 29
60 89 126 164
762 47 935 190
132 17 165 686
52 138 171 269
293 92 548 780
220 326 411 333
684 68 724 419
767 68 799 857
12 375 20 581
55 288 122 803
148 12 841 685
2 116 953 246
1 1 25 145
301 554 478 704
392 166 475 460
270 65 316 156
27 211 88 943
103 52 746 535
26 129 571 187
297 458 432 901
19 73 45 802
428 312 857 372
309 162 831 169
187 141 676 208
326 248 502 531
55 121 65 172
154 12 710 131
21 77 31 590
302 56 391 544
283 20 916 79
103 335 247 589
39 118 148 133
249 81 663 362
68 164 885 431
88 16 914 929
372 9 518 36
859 176 932 672
93 72 102 139
71 579 79 892
228 392 376 660
9 80 21 826
499 522 608 888
130 38 168 585
297 156 972 187
102 313 858 505
661 75 996 397
13 86 640 282
758 42 941 230
53 15 55 578
536 61 817 66
1 273 2 351
229 81 537 667
59 520 172 681
164 421 429 717
87 291 350 595
75 231 176 895
597 132 824 170
37 108 235 130
83 17 480 348
3 538 14 789
56 79 821 171
669 589 887 999
230 770 593 806
351 46 700 830
868 587 999 945
397 63 426 843
84 204 190 735
93 345 523 386
36 2 909 146
16 738 144 964
89 821 769 963
115 84 145 206
81 368 503 561
186 186 755 253
499 54 987 809
170 103 194 589
250 231 735 500
41 232 463 335
106 94 297 174
205 43 732 96
2 29 8 367
58 262 620 697
315 52 505 554
10 207 495 375
811 66 875 104
273 96 438 128
227 33 301 673
618 128 768 814
165 23 181 130
110 684 826 944
734 345 850 928
277 57 302 236
218 45 340 85
16 378 212 488
385 281 512 742
204 88 555 865
239 172 994 646
854 143 941 699
212 280 626 937
160 81 173 112
8 34 197 727
59 78 566 207
709 855 948 872
294 264 736 466
252 226 463 530
318 38 580 104
37 565 40 733
34 48 197 346
1 638 72 771
66 21 977 128
130 87 351 773
167 53 590 421
201 235 303 416
273 48 519 54
58 336 139 626
80 142 323 253
15 418 23 582
17 412 61 446
497 54 570 106
563 13 879 13
338 300 429 368
210 356 421 556
246 16 533 35
27 16 287 323
12 670 257 981
81 65 779 636
119 620 741 927
152 369 940 420
111 913 139 917
351 6 472 227
212 62 261 419
2 350 93 811
19 353 791 569
66 297 556 449
268 315 375 831
34 325 602 417
5 51 685 51
237 65 629 177
140 14 595 75
389 29 885 49
301 120 969 405
172 581 853 920
246 268 750 437
179 243 206 278
71 309 680 799
549 571 975 614
36 14 41 38
305 407 438 996
128 2 401 604
537 76 875 451
681 94 888 781
335 90 410 475
203 164 273 436
120 442 401 647
35 90 36 128
11 16 124 21
481 62 976 158
220 112 608 368
144 404 148 506
2 957 332 977
143 69 412 96
606 56 742 74
49 33 553 322
552 671 694 830
195 299 339 383
146 50 750 50
158 239 555 787
194 22 763 505
91 8 600 98
138 79 171 646
752 13 967 773
34 35 602 302
22 786 36 904
386 127 953 733
449 94 520 541
26 357 45 640
41 60 738 201
336 165 846 212
176 78 984 86
138 127 739 560
96 121 815 464
331 69 549 646
54 583 186 778
96 83 417 212
119 290 764 320
242 63 531 452
803 83 889 299
105 673 858 677
300 41 492 365
10 64 10 121
481 155 898 512
23 24 75 408
448 610 727 641
15 334 92 571
664 177 869 275
95 29 303 767
187 118 483 188
392 558 660 997
223 64 508 871
143 710 630 745
318 259 737 571
91 10 141 143
318 21 417 175
281 127 293 130
621 329 669 403
237 9 399 10
193 215 232 810
275 14 906 315
824 26 885 590
50 167 84 335
573 37 861 118
282 621 600 789
185 43 191 900
200 311 261 535
59 251 344 742
38 294 57 331
127 357 272 714
209 45 400 54
78 124 172 779
176 38 567 45
51 558 944 689
178 173 224 249
169 293 342 458
44 353 140 411
119 44 476 64
20 641 117 677
308 374 455 603
483 440 648 504
500 120 544 531
39 223 131 251
43 200 60 557
963 180 968 616
23 366 679 431
4 407 108 508
