50 100
33 19 42 38
4 9 12 13
23 4 25 7
4 7 46 43
8 24 17 35
7 5 13 38
3 9 21 19
32 1 32 25
8 12 12 12
10 2 26 9
12 13 15 30
11 9 23 31
14 2 17 2
23 13 40 33
1 1 1 17
10 6 42 42
4 2 5 3
1 28 11 38
5 8 17 8
30 7 40 50
1 43 1 44
5 6 26 8
13 7 27 12
1 11 3 22
17 2 24 3
11 8 40 24
15 24 33 50
29 22 49 28
21 5 21 14
3 5 24 46
2 15 9 38
6 34 9 44
19 9 47 14
8 22 37 30
17 30 29 41
8 18 20 23
38 14 38 19
15 13 16 13
39 11 50 34
17 5 28 10
10 14 25 14
34 4 43 5
2 17 45 28
2 11 2 29
5 14 48 41
1 5 3 17
1 3 1 26
4 3 37 9
4 4 22 13
5 6 17 8
29 39 37 40
10 19 19 32
8 28 25 31
34 9 50 21
30 38 48 46
6 29 6 31
1 13 45 24
25 20 31 33
7 3 22 4
10 10 35 35
3 18 18 41
6 13 13 20
15 23 17 48
2 25 30 47
16 5 20 46
21 4 30 11
4 1 14 25
1 1 11 3
2 10 45 48
3 6 19 15
9 6 12 18
4 7 14 9
5 1 6 1
12 3 13 3
29 12 29 31
22 33 36 38
9 4 35 19
5 9 35 13
8 1 32 46
1 2 6 5
8 7 8 16
9 2 20 36
9 4 18 27
10 3 14 16
5 20 34 29
18 25 43 42
22 4 39 7
8 3 14 3
9 4 18 6
1 9 41 43
14 1 19 34
34 36 50 49
6 22 29 38
14 21 31 23
17 1 30 15
1 13 17 24
27 10 29 10
1 7 3 17
2 4 2 39
2 18 37 41
