242
00000022022200220022200000202202202220200202000222222202220222200000200000202200022202002220020222002000222002220002002000022000022020020200200200220222202200202220202222022000000220000020000022220202200000020002000200200002002022002220020202022222000
02202200220220020022222002020022220202220200202022002202202202222022022020020222020002022220020220000202220222222200222022202220200022020222220200222202022220002002222202220002222022000200202000202000222000220220202202202002000000200000022002202200002
00000220002222020220002220200202202022022022022022002200002220220000220020002200020200220020222000202200202020002022022200022200202200002002200200002200222202020020000200222220022020000000002002220200222200020020220020000022200020202222022220002020220
22220222222020000222222220020202202022002000000222200222202222200022000022202202220002220002000200222002000000002020020200000002000020022000220200022202200020202220000202022000022200200220222220200002002000202000202200222220222200202220220022202000002
02022202200000000222022002022220000002000220002000002222022202020000002220002202022200002220002220222220222202020202222222220220220220002002020020202222220002022200000020220220002002022202200000222220000200200020022000202222020220020200202202022002220
22202000022022002022002002200002002000200002202200220000020020020222022000222200200022022200202002020202222020000220200202002020020220000022002000022022022022000200002000000220202222022020002222022202222022220022002020000020000202222000020202200002220
00220002020022002020220220002022020202020020002200220022200220000220202220220220220202022022202202002220022000002202020202200222002220220222202022020022222022002200002222020202202000020000020220222002020002022220020020220200202202022200200020200220200
02222020020200020000200222022200202000020022000222202020022200202222222000002020020202002220020000020002002022002200200002000202000022220020000222200000222022000220000220222000222222200000022002000200002000200000202002020022022000002020020222022200002
02002020200002200022020022002022202222220220002202200002200002002200220200200222000202202020002200202022202000002202200222202200000200002000202020200002022202002222022220000220222202200200202222220200220020022000020022222002020020020002220200022202000
20000200220202200000202220000202000200002200220222020200002000000220200022222200222220220000020202222202222222022202020020200022220002220222020202000002022002020000200220202200200000200220220000002022200022020002222202002222202220022220202002020200202
20020000020000022222022022020222220020200202220020020202020200220200222000000020202200000020020200200200222020002200002202000200000202000200020222202202022000000200020202200202000220220202020202220000200002222202202002202220220200200222000020222222000
22222222200022000202200020020000000222020000002222220020020202222222220002002020020000202220200002202222222202222002202000002022222000022000202200220020220200000202022200020220020222200222000000020020200222002022020000202220002000022222220002022202222
00022002000000202002202002000222000202002222202002002202222222220222202220022002202222022002200000002220202200020222200200000000000002220202002020020002002200002020000202002020200202000022000022022222022000022222020202020000020222000022220020002220222
20022022022202222222222002000200022200022002022020000222202200022202020002220222220202202220200200002020202022000000020202000002000002022200222220220000022000022220202202022000002202202222000020002002202202020222200002000220022222220000002002200020022
00202002020202222220222200020020220022220202200002000220200202200022222220000220022200200022002200022020220020002202202222202222022200000022200220200222220002020220020222220022202200220200022222000000202022022222020220200222202000002020020220222220220
22200002222220220202020220002222002222002220002202200202002002222020020222002202000000000200202202002020220020202200022202200022222022200202022202002200020220020002022202222222222000202020022202002002200002222000020202020020222200000022002222200020000
00202002200020000202000220220202202202202020000020202000200000022200002202020220020000022200200222222002002002222002200020220222002020220020020002222222022202202002000002220222200200220200200002020002002200202202002200002202020002000020222200220222220
02000220020022202222200022202002222022000000220022202000200020202022222200202200220020222220002220200200222202220200222200222220202222222222202000020202022002000200022202222002000022020000200002202220020002220222202220002022220002020002202220000220020
02200222222020002020002220020002022022002022202222002200220022022000222002200200002022200002222202000002000002202002022020202002200222000020022200022200000022000000002022002220200002020000202020200222000020002222220222220020200202222200220200002220020
02022222222000220202202222022200220200202020220002220220220222002022200222222202222002220000202002200000200022020200200002220020200220220002000200220220022202200220202002222022002220000222202020222202202002220000220220220202020020220222220020222022200
22220222222222022202200000002020220020000022222222000202002202020000202220000220200020002022202022002022020220002222022000220002220020200202000200000000022000020000222000022022020022002000222022200000202222202202222002220220202202020000002020220202020
22022000220222002022200020202022202002022200200200222202200200002022002022000020222000220002202020222220022202222200220022220022022022020202000202002220202020202000200220200020022000222222202000222222202020022022002002022020202202222222202222200200002
22220022022220220000000002202202200222000000002022200222022220220222000002200020022200200202222002020022202000200020002000220202222220222202200222202020020000200222220222000000200000200220022200222020000222222202222020200000222220222202022222000222220
22020000222020202020020200002200200020000222200000200202000000220000000220000222220022022000220202020022002020220220200222222222002022000220022222202002000020200222022002220222202022002222200020220202002200022000000020022002002002200022002202000000022
20000200020202202020000202000002000000200020022000000000202202022222022002220020000222200200220220002222002220000000022000222200020222222222022000020002022222222000202020202002202002220020200200220000202022000022202022020002222200022002200200000220202
20202202220200000202222020200020022200002022222000202002022200222220002222020002020200222220022020220000202000222022002020202002222200000222000002000000200002222220022200222222220202220022220202000020202022222002222002000222022220222220220022200200200
02002200022020220220002000222020022022002220202020200200220002020020000022202220002222222000202202022002002220002000202002020000222202202222202020200000202222200022200002022002000020200002022022000000000002200022020022222020002022002022000220220222220
20202222220020020020020202200200002002220022220020220002020220222002220220220022202020022022022202202000022020202202022000200222022000002020220202220020220200022022202202220220202200020202022002200000202022222220020020022200222222202022022202020222020
02000022222000200020200002020202000200020022200200200020020000020022202002222220220020000002202200222220202000000020202220020200220200200222022220202220000000220000022222200002202200020022020200200002002000020022200202000220000022020220022020000202200
22202020022222222200020022020022000002222202200020000020000220002220200200020220202000020220202220000020002002202220002220002022002202220200022202220200220200220220222222220202200202000220220202020222222002020002220000220222022000020220200220202220202
22020222020002020000000020220200222002000220002220000000022200202202222222002020002022220022202222000000220000020222020222022002020220000020020202022002022222022202002222022020222022220022202202022222200022220002000222222000200220222200200022220002022
20202200202200200220220020200002000020000220000220202202002222000000202020000202000200202200222222202220020002022020002200002222000222200200000002202222002000222220022200200202222020220022222222202002020200222022222002220222022020220020000000202000000
00000222022020200202002020222200200220000022002020200202200020222002200022020222220222202020202022200222002002200222220222220022220020202020002220202020220022200222022002022022200222022020000220000002002222202000000000000200022000002200200220000022200
02002000222000220202202222002020202200220222022000222202200200020020020000020000000222222000000000020220200222000022022200222000202200022022200202020022220000222002200022202220002202222220020222200200202220200000000222220222020220220202000220222222200
00222220220002002202200002200000020220000202220020200020000020222022202202002220020220000200220222002200000220220002022000000222020022022202002000020022220220200020202202222222002202000200200020220202000022202222002000220220202022002020002002000200020
00202000220222222200202020222220022000202220022222002002222200202220200022000000222220220222200022022022200000220000000202020200222020020200200000020020022202000202000200222220020202020020200020200222002202220200220220020020200200002202222202202002022
22000220220200200022002200200220022222220022202000202220200000002220200200000020002220002002202020022002202002200222022022000200022022202202200022222022222000220220202022220002000202200002020002002000202002002222220202202220020000222200020222202002202
22220020020200002222020022220200200000022000020200002020200022000020220220020202222002220022022202220000222222022202002020202020022200202000220020022000202002020002002200202020020000002022222220200202022000020222000022020020002002220202022222220220220
20020220222202222200202222222000000002022000220020002220220222200202002002000000002002022020200002200200022200220000020222022222222000020220202200222002202002020022220202200200002200200202020020000200022220222020002220022020202022202202200000220002202
22000020220220022220022222222222222000020200022022220002220002202000022220200222202220200002000202022000222002200020000000220022200202220202222202022222222222000020222000222202000002202000200202000002022022002022200022200020222220200222202202220020002
20002022202002000202222220200022220020220020002202020020220202222220000000202022000002000222020000200222200220222220002220000202202222002000222020000000002002220202002020000202220220002022200002200220002002200020022202000020200220202202220022220220202
20022022022002020220202002000020220020202220202002022200222220022220222002000202002022002220022220000020222202202000000000002020002220222000200220020202200020202222222222200020200022000220222222000022022220222222202200202022022220020022202022220222220
02202000222222200002202022000222200220022022220022200002020200022200220200002022000220002020022022002000220022000022000020022022200020202020220002220020200020202202202000002200222022000020002202200222220202222202000022220200220022022220222020200222200
00002220200200002002222022220000000020200220222002020020200020000202222220002220000220002002202000222022002222222000220220002022220220000022220002000020200202202202020222202022022220000020202202020022220000220220022000222222020022000222222220200200022
20220222002220022222220202000220002202000022020202200000200220222220222020020002222220000200202000202022002222202022000000220202220000000000202002222020020222000020000002020020000222200200022000220202022200002020200200220220000220200000220022200222020
02000002202222022222020222000222202222022202220200200000020222022022022200000220000022000002002020022020222200222220202000000002220002202000020220022220202000200020200202220000220222000020200020002000022002220002020222000022022020000200002200020022022
00002022000000202202020002200022220202000000020222022222202020020000020022222202020022000000002222220000220002222200002002022020200202220220222000020022002000020220200002000202222002022000000222000202020202222022200022000200202002002222200202222202220
20200022020200000220220220022002020222002002022002220022020202002202220220220020200222002022002222200200200022202002020020020222202202220202222200000220002200000000002022222222220000220202000222200020000220022022222202002220002002220220000022200202002
02002022022000000000220022200002220200000200222222000000202200202022202220022222020220220202002022000000002222202222200220202200202020000202200222022002222222022202022202220202020000220020220022022000200002022000222222000200222202200202200020222200022
00202202200000002200200222220000220002022200202002200020202020202000220022020220200220222000002020002020000202202202200220000222000002202000200000202022202222002022000000022020002002200002202202022200202002220020220222000222200020222022000220002022222
20000202200220222200202222022202202222022022000202202000002022000222022202202000020222020202000202022002200002202022000020222222020222220000220220002200002002202220202200202220022000200222020000002020002202202220022002220020020222002020202022200202200
20222000220200202202222020000022000022220022220200002202200220200222000222020000022002200000200220002020022222202020220222002002022202200002020202202202000220022220020200220220022002002220000200200202000200202000022202202022000020020220002220220022022
22202200000222022200000022020200220222000000222202200200220022202200000022202002002220002222200022020022222022020020220002020200022000202222220200202200000002020200200022022020220202002202002020020020202002202002002022020222202220200202222222222020202
02202002202020022202022202000202002202200222002222002002220202202222202002000022222202200000202000022002220200200002022222020020020222002220002020202020222020000022022220000000222000022202220220002200020022022200202200222020220200020000200000020222022
00022222220002220220202222202220000002200222020220202000002002002220020220020020202200222020020200020022022002220022202220202000022222020002202202220002222022200222022222202222222000020000220020202220022202202222222202000200220000000000000220222220200
20022020000200000002200202002002202220000000020022220220220022020020020200220222000220202022002002002202222202020200002220222020002220022022220220002020200220000202022020002000220000000020000002022222220020022022002022222022202202200002222022220020200
00202020200002022020202202002020220020002020202200002020000002202022200000202022020222000200202202002000022202220200020000200022200002220200200220202000202220202020000022000202000022000020000002002022222222000220220200000222002020020022202022202002202
00202200202002202222002220022220000202220200000002000200200022022022202020020000202220200202220222002220000220002220202022000000202022000220020220202222020002222000220002022020020200202002220222200020202222220002200222220020200002222220000202220002200
22022202020220000220200202000220000202200002220020222000002200202222202022000002002202000022022222000222002220220222022000200002202002200002000222002020222002202000022002200220020002020200000000202202002200220222002022202022002020220220022002022220020
22202000220022202022002200220022222220000200020222200002220222022022202200222000220002220020202200200202200020002000222202222000002020220020222000020022222000222222200000020220200202022000202220220222222022022202000220202220202000202020222220002022020
00200002020202000222222222202020000002022022200220002000020022222202000222002022222220000020022020000222022220222220222022020020020202200222202222000020000200022200000222022022020200020022222022022202202002200020222220202020202222020222200220020202220
02220220222020202000222022200000022002202000222000200202022020222022222000200000002000222220222200200002002202020002000000022020220000202200022220002220000020002000220222022222200020022022220220200020200222220202002002200000020022202200200022000002022
00020020202020022020200202222000000200002000222222000202020000002202200022200000002220202002200022020022222000220200222200200220022200022222200222200202200002200200020002000002220022002000200020220020002000220000222200200220200002022200200220220022020
20202220002000020220202002002202200200222200202020220220020222220220202020220200020020022020222000020222022202020022022200200202200000220220002002020202220000002202002020000020200202002022000022222220202202200020022002202202002220202222022000220020000
20022000002020022022222220000000020202000200022020220020220000002022202202222002222220022222002220020202222002020220020000202000222200200200022202202002000200222220002000202020222002220200020200002222222000222020202020200020022200202000202222220202002
20202202202222000022020000222220002202002022220002200022220222202022202202202000020000020202222220222002200202220020220000220222202220020220220222022220020220220222020022002002022202020200000000020200220022222222222220220022200002000202002202202000222
20000020220002202022202002200020002020020002202022000022222000220022000202002200000000220222202220002200002222220020020020020022000022000020020222222220000222020202022220000200222002200022222002000200200220020020002002000222220202022020200220202200002
02200022220000200002220020202222000020200222220022220020202220220220020200022022222200222000022000202200220022020202222202002000222202220200002200220220002020022202020222222002002022202020202202220020222000220202200222000000222222202002002200002222202
20002020000220222220000002222020220020220220200022020222220202202222222222000000220200022000220002202200022000220202002020002022000222020222000000002020202222020000002200220202022022000020200202220200200020222202222022202022022222020000220020200020200
00022020000200002000222020000200202020220200020222002022000220000020200002200002200200202220022200220222220200220222000002222202002220002000000020222200200200020222220000202002002020000000020202220202000202200220200222002020220020202200200222022000020
02022002220200220020002022002200002200022220022000000200002202002002220200220000000202000220220220002222000022020202200200022002222202222022202220020022222202022000000000220000220222220202020002022200020020002222020222202200200020222202020020222222200
20020200020200202200020002020002000200020202020002220220222000020000202020020002222002002000022022002022022220200200020202022000200222022022220022220000022202000220222000202002202000000222222022022002020202222022222202022020200020022202022000202220202
22202020002202222002220022220002220220202020220000202002222222002022020200222220002022022022222220000020222000002002200000020222002202200220020220222020220002022002020220200220020202020020220200020220020000222000222222200020002220202202202202022020002
20200000222202200222000202202002220200222000002020200020222202000200200220002020220020002200022222202000000220202202020202220002020000200200022222222020022020222002020222022202220222022020022200020022020200020222200202222000000002020200000202002200000
22220020002202000200022220202020220200002200020222020220200002020202000002222202200002002002202202022020200220202200202020200000002202022202022222220220200202202002202222022220022202220022022222220020222200220022200002220220220002000022200000000222000
22002022202000202220202002200000202002220000020020202220222022020002022022000200020220002000222222002200022220200202220220000002000002000222222220202220000202000000000020002002020222202020200220222220200020200020002020202022222002220000200020020220000
00220220022220220222000200002020220222200220002220002200000200220022222200020022022200220202200020000002002222000222222222202222022022020020022220022020000222202000000022000002202020000202020022200020200002222220000202000222000202020022000002000002220
20000002022200202022020200220202202220222200220222002200002002200222022220022002020022022202202220022000022002002202020220000222220222222002200220202002222020020222200202002022002200022020020202200020000202220200020220000220220022022220202020022220002
02202220020220000000000002202022200200022000220020202200002222220002000200022202022020222220000222202222000200200220022220200202200222202020002220020200002022022202200220220020000202220000000202000002200002202002020220222020022222202020222022022222220
20002200000022020200022202002200220220202022222202222020020002002020222220220020202000002020222002202220200200202200222020222220020202200020022000220200002002202022002022222222002200000022002020020200020000000220020220220222020022022220220000000000022
00022002220002020222020022222220000020000000022222200220200002020022000002000022222202202000000202220022000220222002022002220222220222020220220000002022002222022020022020222022222200220002222020020020222022002020202000202220222202202202200222202202002
00202020200000202220022002022020202200020220200202002000020200020022022220020202002222022202202002020000222020222222202222002202220002200000000020200220020220020220220020020020200220202222200020000000002202022200202000220020200202220000002200020022222
00002020222002022220200022000222000002000222000220000000000220020200020020022202022220002020002000002202220002022022002022000202220200002200200000220200022020022220202002020222222002202222202200200200022200020000200220000200200022220000000020002222200
00222000020220200002220020222002020022020020002222220200022002202220200200020002000220022222222222222202202202202222002220202200002002220222220020200222022000200202020000222000022200020022022222202220202022220222000000202222222000202202022022002222200
02002222022222200202022020200222200002200220022000200002222002222200022202020002002002200022000022000002222220222000222220020000202022200220002222020222202002022200020222020222202200022022002020222220000220202002000220220022000002202000022020020200002
22002220000020002200020202220022202222002200202220200200222202002200222000200000022200222002200002220000200220022022020022020000002022220202002022000220020222000022020202202022220000002222020200200020000220002220200020022200202002022220002000200200200
02020222020000002220002202000000222222022222000000200222002200220002000222020000020002222020222200200222000202020200220200020202002000022202020022202022000022002002222020000020202222200000002000002220020020202202022000000022200000022200020022220202202
02020220022022000022002000200022002022222020222000002202022020022020200202200200020020200202220200022202220200200002022222202000200220022022020000002202220202222220000220020202200202202220202200002022220000020022000020022002020002000222000020022020220
22000000202222222220000202222020220222002222020000202020222020202002002220002020020000220000220220002020220000220222200220020200020222000222222220002222000220202202202002220200000220200002220200022202200000220000222200002002222002222002020200020022002
20022222000220000022020020202002200022020200200202000020000200220020000020022022002200002022022200020020200020022200020222202222220022222000000002022000202220002022222022222020000000200020022200022020000200222202022020000002022202220020000022000220022
22020202002002002200000022000202222220202020020222000022002222200222020022020020222002022222020020200200000222002220200002022020000200220222202020220200220022000020222020200022202222002220222002200022200202200200002000002220020222200202200222022002000
00022200222202200022200200220202200000022220220002020200220200022200020020002202202000202002222002020022002022000000022002222022022020222000220020220220202002220202220002202220202222000200022222220202000200020000202200022020220000022222000220002222200
20000000022202202202020220222002000002022222000020222200022000202022200200022202200022020000020022022002020200202222000200000222202022000200220202200200002022022202202002202000202002222020020202220020022200222220222222220202000220200200002022202220222
20222222000220220222220002000000000200022002002000202200220002222222222200200222020200222022200022020022022022202200020022022022202020002022220202022222202202022202002220002222220002200200202000202200000020020222000220022002020000222202202020222220220
00220220020220200220222202202000220000220220222002220000000002220002222002002000020000200022200200000002220020202222220202222002222200000000200000020200022200200002222000222000020222020200022022020220020020222220020000022020020000022202202222220220020
00202020002002002000202220000020000200222022220220020202000000222220022202020202222020020220022200020222022202002200000220020000022202220002002020020202200002000200222202000220002002022222002220022022220002222202222202200020020002000202022022022202202
02202002200200020202020022200002220002020202222002000220202020022222022020020000222022020202000222222020002002220220202022220002222220202202200200202020000020000200202022200200020020022222000200200202202200020222000202020200220220020220000002002202202
00220202020020200222222202222200220022000202222222222220202220000200002000220000002020002222202002200002002000022220002202022222022022000000020222200220022002202000002000000022000220000220022220020022202200020220000000022000002002222022000202222002020
00200200002220022202202200222200202022222220220020022022220000220200200200000022020022200002202220220002020002220222222022220020220002202020000202022020202002002022200000200020220020020202220202220200222202220200002022200022222220022200200022002222222
00200020220202000220200220202202200200200002202000002220222222222200020002222222222200002222020002000002002000022020202220200002000020022200022200200220022020002222020022020022002020022002000022000202200000222020222222202222200022002022222202202202202
20202002200000020020000222220200002020022200200222220222200202000220022222222020202000202000202022020222222200002022220222202022220020002220000020022220022200202200200022222222220202222220000200022020220220000002220022222022020002022000200200002002020
20220022200202202220202222222002222020202202000022020000200000020202020022022020220220220222020022002222000022020222220222020002200020202000002000202020202000220000200002002222222022222220000202200202020022000222202202020220202222020002020202200200020
20222020220020000200202000220000020220000020002022202002022222002202020222002002020000020022200000220220200220200200002022200002202202220200202020000002022022020020002020002220202222022022200022200222002220220222000002200020220200200220020020022002000
02000000022200000220202002200002000000200200222002002000020000222000002002022000202202022020020222200022002202022220002222202200220000220202222220200222022202222222002222222020222222000002022220000200020220020220202022000020002002222222220222002202200
00220022000202022220202002200022000202020000222220202022020002020022220002020220022222222000202222202200022200000220220200200022020000202202202020000022220002222202000202022000220000022202002002200200000000220002220020220022002202022020022220202202022
02222000202020222220222202222000222202022200200000002020220220220000220222200220020002202020202202222200222020202220022022022020022022220022022022222200002202222020202000002200020002002022220202200220022202020000222202202022202000020000200020002022020
20002202220020022022020002220002002002002202222202002202002202000222202022222002222000200020020202020002000022000000200202020220220000002022022202202022020220022200002022020202222022022220000222022202220022002022000200222022222020202202000000000222002
00020020200220020020022200220022022202000000002222022220200200222020222002202220202020220020020200022020002220000200222020022022222202202222220000202000022020000020222022220200202022202220222202022220000000202020022002002022022200000002022202022220220
22200202200200020202222222022222202202002020200020020222002020220220222000002202202002002220022200202002022222002222222200220200222220200000202222200202002020222000222002202020200020222222220002002022002200000202220020022000220000022200020222200022000
00220200020002020000222020000002022220022022202200222002220022220020200002000202200020000200000220200002202020002202222020020220002222020220022000002022220020202002222220022020002000020020222220000222200020220202020222222200002220202220002220000020222
02020222020000002020222022002222220200222020020002220202200022022222202002222202002222000002220222022022000022200000000000002200022002222202002022020002202222000000202222200002222200020220002222220202022200220200220202020202000022022022000020002000022
00020202202020022202202020002020222202000200020020002020002222200200000000022000202000020022020002222000200002000002002222020200020002022002202200200000000200000220002020202222200220222022020200022200200022220220002222202022022000202002200220022002022
20222200222022202222220000220000202022220222002220022220202220020202002022022022222002020220000202022200222202002022002222200002220000022200220000020200000200002222200220202002022022002002200200200020220220200220002222220002002220000222020202202020022
20022000002200002002000000222202220200000000002202220002020002022222000022020022200222002200202222002202200022000222202022000022022220020022000200220020002222202002020022002020222220222220222020202222002200020020020202200002000020220200200220220000022
22020220200000020002200200222002202002202000202020220220220022200020020022020020002020020202220222220220022202202222002220222022000202220202202200000022202220020020222002220200202202020020020200202200022222020020002220000202200222002000220202202200202
02020200000222202022220000220202220000220000002200202220220220200220022220220002202220002020022200022222000222020020000020000200220002002020202022002000220200020200020222200002022020000002220000002022222222202020200222200200022200202222002022220000202
00202202202222222000020022222202222220220002202000222220220200000000200200000220222022020200220000222200202002200202200020220200022000020220222020002020020022002022222000000220020222220020202022202222020000022222222200022200200020220000020020020002002
00202022222200000022222200002022220222002022202202200222220220222220220002000220020220200020200202202220000022020020220202002202020000202202020222202202202022220020000020022220020220200220002200002020020002222022202000020020022022222220200000020000222
02002022220000002222202220222000020022200220202200220200220020220222000022200200002200022220222002002222222220222022022022000220202020220222202202020222220220020002220002000000002200220022000222220002200022020020020020200000202002020020222020202022220
22000220002222000222002200220202202002220222022002000000002022020002220222022022020202202222002022222000222022002022222220022202202022220002020020202200000020022002200200200222222020000200222200202220222022000202002022022200020020220000200002222002200
02000222220000220020002222000200202020202020222020220222000222020200202202002022222000002220000200220220022000002222220200220000202202002002022220022000200022000202002022202000200002020222222000220222022020202000022002222200200000022220020002200222020
20200222220002202002002020000000000200002002220020002002220220000220220222222002220202002222000020200000222002220000020000002220002002022000002222000002020022000200022022002022200000202022002220002002020020020200200002200222022020202002200202000000020
22000222220222000222002220022002002020220020222222022202200022200002022022022202202200000022020000002002000202022220002022000020022020000202002200200222002202020020002020022022202200220000000200002200022202022200220002220220020020020202200002220202020
00200222020002002200002202200000002002202000222222202200202002000202220200222202200200020220022000002002002002000002000202202200022200220002002200020020000020002222220000202220000200020002020220002200222202220220222020022020200202202000202022022220220
22000222202222200020200000002222200020220202002002200020002020020202000000200220202000020000220202200200222200002200200002222202202022002202020002202202200022020200222000200200220202022020220202022200222002002002220200200220002020022220022220000200022
20002002002202202220202022222220200200200200022220000200222022220000020002002000220022222220220202220202200020220202200202222002020200202222220222020222202022202022200000222000220200000000022020220000002200022000000200222200020020202020222022200000022
02222222000220022220200222002002002200200002202222020020220202000020222022002200002202202020220220000022022020220020222000022202022222200020202220020002200000222200020022202222222000022200002022222200002022200020202220222022002022220200222220202202220
00222022022200022220000020200020202022202000202022022202202000220002020000000020000002222202002202200002220202002202022200222020220222020000222020002022002220202222000022022000020020002222202200222020220220020222000022220222220022020200222002002022000
20020220020222020020202022022202202220200202200222200020020200002020202022220222202002200202202022222022202020002002002200000002202022222002002200022200020222000200220022220200200220222000020020020022002002222200200020022000200002220202202022220000222
00002020202002002002202022200220022220000220220200002202020000020220022222202002202022022002002222002000202200200022222000020222022200000002020200220000000000222020000202222222220002000000200022000000002022222000020220202022220200020202002222022020000
22200002022000222222202020022000222222002202002220220020000220002020000002000202222002202200200022000000200000220202222022022002000202202200022020020002002200222000020022000020222200220202022002002002022020200222200020020222000202220020222022200220002
00202000222220222000022222222020220020220020002002200202000022000220222022222002002202220200022022202200002020000220022020022022020022000220000202202002202020002020222000002200000202022020000000202200020022002000202022202200222200020022002202022002202
22000022200000222220022020202022200020022002200020200222202000200200202202020002000200202000002022000202002200000020002200020022020200200000222002220020022020200200022222220000222222022020220220202222000200200002222020202002222220020200202200000200000
22002200020200220000200202202022220000002022200022020022200020220200200020000022020202002222202220200020222220000022022000200020202022222022002200200222022002222200202002002220000220022020002022200202020202202202200020020002202000200220222220022222220
22200202002002200020002202000020000002002222222020020022000020002202022022000002002000200002000220022000200000202220002200020200220220002000000020000000222200002002022200020202222002022002002220022200200222200222220200000000022020020000000002022000200
22220022220220200022222200022222202000200220020022022000220202020000200202000200220220002002220202202022200222022202020022000202200202200202020200200022000222002220020202222020020020020022220202202022220222000020222222200002220202220002200202200202202
00022002002022002022220002020022222002202222202200222002000220222200020000000202220202022022000022022000200002200020202022202002200002002222022002200022000200020202222200000222020220222022020022000022020002202020000022022200222220022022220000220220002
22020000220222220000022202022200202202202222222222222200022202222222220022022200002202222220222022002020022200220222000022222022202200200002202220022222220200222002020020022020220002222020220220020220200222202220022202220022222000200002202000202220222
20000022220222020020220000022002220022200222022020222220220202220200022000020202022020002220220220000200202022202002022000020202002022220202202202200000022200222202222020002000220022222002222020202002000000222200220220222020200200200200222022202200200
00222202002222022020022220000020020220222200200202220022002222200200200202222200022222220022222200202020020022020222000202022022020222020222000020222000222220220002022022202000020220202000002220020000020002220020222200020222222020220002200200022202020
20222000022020000000000220002222002002020200000202000000200020202000200202222002022000220200222022020222020200202022020022200022020200000020222220222202020202202220202020020222220200000022002002022202200200022220200220200020002002200002000220202222020
02022020002202202000220022002220200020222222002000020222220220020020202020220002020200020220220222020000200202022202022002020022020200222222022222202220200000200222002222020022220222202202002200222220200002222202200020200200222022202220002200000222020
02220022002020000000020202022222020202200020020000200222200220200200220000000202200000202220022202020020200222022000002020020000222220020002200200222220200022222020002220220000222002222002222002002002020202200022222200200202020220202202022002220222220
02000020022020202022202222220000222222202202222222200222002222000222202220000020222222022002020022220220020202022202202022220000200200020222000202020200220002000000222222000020000020002022002022220002022222002022022200002202000202022220200222002002020
20200022000022002022220022002200020200220020020220200022002020202000220200222222222220002020000200022220220200222200020202022222000000200202020220200222020202202022000220002020220020220020022020020002202222022200222200222000002202202020202022022200200
00220022200000202022000002200022220220202222222222202022002200202220022000002220000202202202002000222000222200220002202000022002202222020020002220002000022002222022202022002200202020022022220022200020220220000202222220000000000202000222222222002220020
22000222002000002202222200222002000022000200202022020222020220022202022200200222022220222202200002220200202220220220000222002020202202020222000020002220222222000200220020222020002220220022202202022200202000020022202000002220020022022220200020222202200
02000020222020202022202000002202020000022200222222020020220020000202000200000000202020200200200022022222202220000222220020022002222202020002020220200020002020000000020002202222020002200222202220220002002202022000000020222000022202000202200222020202222
00022222200200202002220020000200000022000200022022020200220220000222002202020200202220022022022000202200002222220002000000020220220022200000000002220200020022020202222202200220202220020200020202220002220200200202202000002200022022200000022022222000200
02222200200220222220002022220202000200202020200220000200020000000022200222202202220202000202000200200022022220222022002020220022200200022202222222002220202022200020022220020022000202022202220222000220000002202020020222200020202020202200022202220000220
00002220020222020222000020220022002222020022220002000020000022022220202022200000002200020222220202020222202020022000002222000202000002022200222022202022020220022200222200220000020002220222000000202020220000202222000022220222022020002022200220000022020
22000222200220200002222002020022220020200000202202202202202000200220220020002020200022202222020022220202002022200020222000202200220000002202202202200022220222022200022020222020202002002020200020202200202222002020222000222020002220202002222000200002000
20220220220022202202002222022000022020200020200200022222200000200022000002202022202022202020020222020220220202000200000020222002022022020220222000222202022020220022202000202002202000202202220022020200020020000222022222200000222202000022020022002002002
00020202000200022202022022022022220022202020200022202200202200020000002220200220222222000000002200000200220000222222000202022002002000202020222202202000200000202200220200002022022020002200022220220222022220220202020222220020000000202000002000220222000
02000002000020202002200200200200202202202200022002220000220002220020202222222022200002222022200000020220022200202202020020222202202202002022020002222202020202022202220022200202000222002020000222022002000020002222000202022020022000000022020002200202222
00000002000022202002220000222222202002202200002200202002000202022202200200000202200020200222022002200022020022202000020202022220200020000202222002000202000200202200020002000022000222020002020220202022222002202020000202222000000220002022222002020022022
22202220020020022220022220002222002220020000020002002002202022000022020000200002000002022202200000220000200222200020220002200000220202022222022020020022200000200202022200000202220200020200000020222220000222200002002220202202220000202200222222000022022
22220200200200202002000000002020220202200222002022222222000022200002222220202220000002200202000002200022200202202200220202200222200020002222000002002022020200202022002000020002202222222022002002202022220002220202000222020022000222200220222222222022002
00220202222222222000200220000002202002020000202202020022020000202002020222000202220202002202020222202020200000020202200202022002200020220220000220022222222200220220000200200020000202002200200202000200020002222022002002022022200220022022220002002220202
20222002000002220222220020020220202020202020220022000020000200202200222200000200220000020202200020220002220220000002200202000000220222222222020002002022022020002202220022220020020222020022000002222020200002000000020220000022002002200022022220002202000
02000000022020200000022000202200202002000020002020220002022222222200020002020222022200022222020222022000222200002002000020220220202020022200022022000220220002220000020202000020000200022002022020002002022220220000202202020222022020220220200200220202020
20202022000020200200002020002200200200220222200020200220022022022220200200000220002020020002000220220202020002220002002220000222022200020020202022202000000020020002020202002002202222020002202220200220000222000002002222022020200020002200202200220200222
00222222200020020200020222220222202002000202000202220002202000000222002202002200200220200200220002200200222202002200202002222222202002002002220022202200200200002020000202020000202020000002002000022002020220000200002022202220202200220200222020002022202
00000222002022222002220022020022000200222200220220200020222002200002200202222000220220200022222002020200220222220002220202020200000000000222220002202200000222202022000002200200202002022002222220202000020020020202200220002020222002002202220222020020002
02022202220222002022222020202002002020202220222200220222220220000002020000002222022022022200000020020022220000220020202002222220202000200002000220002200202220000000220202202220000222220200202202202002200220002020022200200202020220020022222022222020222
22022020220202020200020222200222020000200022220002220000202222020200000000200202200220020000220222202202200202002202200020000000202002202220020200220022200222000220222020022202020202200222202200022202222222220202002022020220220000002020222022200200200
02200220020020000220000020000202220000022002002022200220000002002000022020222200000200002222000200222222020020000022202220202200222220000020222220222020202022000220220002222022022002022202022202020000222000022202222222202202222222020000202222202200200
22000002202202000200200002220222200222220220200202222222022200000020220220020220220022220002022202222222022202022200000202020002202000220000220202002202020022220202220022200000020022000220022222002002222220000202002020000000202220220220222022002222020
00200200202222002202020000020220000020220000202002200222000222000000202220022020002022222202220020220020002002000022220220020220000002200202000222200002202220002000002200222002020002220000022220022222000200202220020002020222000020222022220200200202202
00220202020222022222022220000002202000220000020200222202220022020202200000000202220202022002000202000220000000002200022000202020202220020220020222000020002022200022220020022222000220022020200222222202002220000200202020022222202020220022000222202022222
20200222202022000202002000200002222020200002220020002020002022200000020220200222220200022200022000200202222200200222222202202000020020022222002200222020022202200200002022220020002000022022202222000002002220222020220020222022220202200022200020000022220
00222220200202222002200220200000020022000222002002200002202200200200202002200000022002222220222000020202002000202222022222000222002020022220222002002002020022000022022222002002022022020002222222220020202220222020220220020222222022020220220222022000000
00022222222200200220000022020020200222202222220200222202202022000222002222200000220022000202002202200020220000220202222020000202202020220222000220002220200000020020022020220200002220002020020002200000222000222002202020222222022022202200200200002022220
00002200220000200022222222022200002000220202202000220020020000222202222002202220202220200200020020002202200202200000020222020220220222000200222020202200220000222020202222222020202222000222222002000000020022020002220022202000220002222000222020000222022
20000200222220000220002222002222002000202002200000000200002220002200020022002002020020202200200200000200200002000000200002022022020220022202220220202220020220222202000200020222022020020202022220000202002222002220202222222222022022202220202002200022222
22220202000000222222222202200020000200022022000200202002202000022022020002220200222002202200022000002202220222000200200000200220222002220202020022222220200222220222000220202220022000020002200220200000202222002200220202000020202220220002222220222020222
02220220202000022002000002022020202002000022220000002220002022002220000220220020202222000022022020002200002222202002022202002002202002222022200022200200022022002020000200202220002222222200022220022222200002200022020020000022002022202220022202222000220
00000202202220020220020220020002200200002022200222022020000220202022202002002222000202202000002200200200220020200002222000220220202202200200022000200022002020202200000222000220002222202020020220200022000222202000202020000000222200202202000200222002020
22002222222222220002022022200200220002200000022200200202220222020020000200202200220002022002222000022000000222000020002200000022002220220200202222022020000222220020002200020002202020022200000020002200200020020222022220200220022222202220002200002200020
20022022202022022200220002022220222220002022220000222002222000222020202222220200200220022002000020202020220200020222220220200200002202002202022002222200220220000222222222222220202000200000002220000022200002200020200000202222200202220022022202002220200
02022000020202002000220220022222002020000022222020002020020202200002020020020202000000200200202222222202222200200000022022022220020220002222000202022200222220202200000202022220000020220200202002222202000202000202202000002220222002020220220202022202220
00200222220222222002022002000200202002222200002002220220222222222000020000000200000222000202220220002020022020200220222200200202202000200200022020200000222020002202020222000020220022002222022220022022200000222002202002200202202222020002000200200022020
00000022000200002220000000202022002002222222202222000022220200022200222022200200002002020022202022200220222002200202200222220002002020000020020020200220000200002000200022220220020000222002220202000202202220002002200220200000200220202200002220220222002
02220000220000202000000022002202202020202022202020020022000202022220000222000022202200200202000002222200020200002020202000022202022220202000200220202002202000202200020222000222202000022020022202020220220200002222002020022202200200022222020022202002020
02222022022220000002000020000022220002200000222002020222020222000020200222222020200200002020220222220200022200022022022200002202200220200222002020200020200202222020220220222202020020222000002022222222202002002020020022222022020000000022002020000220022
02202202002020202200220202202002022000000022022222000020222220222200202002200022022002002222222220000200200022000222202222000020222000002222000022020222000222202220202000000200222200202000202020000022200000020202002022200022022200222200200222002202222
02002002000000222220020002220220220202022022202222022002020202222020002022002022202200222220220202000022002022220200200220022200200222020002002002220220020220022022200202002002220202000002000222020200202220220202022200200002220200020022220220202202200
00002022220022020022022200020202000000000222202220002022002002202222222022022200002020220002022222002200002222000002022220222000202200202020020022022020200002220200000002222202022000202222020202002200222220220202200222002202202000000202022200202220202
02222020020220020202000020000002022220202220002202022202020002222202022000020202202002202202220000202202002220220020022022220020020000222220222022020220222000022202202220022200220202200020002220002222220202022202020200000220022222202222002220200002022
20002202200200202022022202220222020020222020220000022020022220000222222202220222220202202000000222002200200202022220002202200202202222002022200222000020020222022002002020002002200022200020022022022222000002220202220220222000220022020220022202022000200
00020222002220200222022222000020002000220002222002020022020000222220000222220020200222220002202022000020200002002020222020202022020200022000002202222200020022220220002202000020020022022002022002222200220022000220000020200220202202222222022002222222202
02222020022220002222222020020220220002202002020002202200222020000020220000022222020002020202002000202220002000002200000222222002000200202222002002022220020022222002200202200022020000022000002020000222202202200022220202202002020222002200202022200200200
00022002020200202020022220000002202020000022220000002020002222222000202200020000202200202002200202000202002200220020002202220002022022222020202020222022202020022220202020022020022222002020222200202222200222200022202222020200020000002020022220020002220
00022200222002200000220000202220020222222000020000202002020002022022220220220222020200020002022022022022202002222220200200200002002202020202200020000002020220202202022002202022022200002002202022000022002222022220000020020000022200000202202200000000000
02022022220222222220222202200220202202202020000000020222000020020220200222022220022222002202022020022202222200022020202022220000020222022222200002202000200222202200022222222202222200002202000220222202000222220202002020002000022200200000202200200022022
20200002222222000200000222002200000020200020200200022200002222220200002022220202000020202022000200220222002000222022000000200202200022202022000222002222022002202220222220022222220022222220022202022202202202202222020200202022020020222200022202022002222
22000200022000202222222022222200202020222200000222220020022220200020022220020200000220220200202002220002002220200222200220220000022020022022222000002000200222202222220000220202220020002220020202002020020020022020220222020200202022020222000220022200000
22200220200220200020020000200222002002202220220220220200020000020220022200020020020222002000002220220220000020022000200020222200202220000222222202200220200220200220202000222022222202022020200002222022200020220222000202202020000220200020020000222002202
00200202222222200020000222020022022200000020002020200200000220000002022002220020022002002220020222000220202220200020000020000222020220222002202002222000200020000202020002022202020000020222220202022222220020000000200002222020022020000222222222022222200
22022020020222200020222000222020000200222000002222000202000000200202202220200222022202000202002020002202200022222220202220202220020002022220220000202020220000000200022000002022020020020220020022202200002000020220200020220220022020220022222202020000220
02020020220000022022202002000022222020200022200002020002202222222020200000000222202220020022200202000022220220202020022202200202220020020222020000202222022020202220220220220220200000020022000020222022020222202022022202002222022220022222200202000022222
02000002222000220222220020200020002000000002022202202002002202200202002022022020002020202220222222020222200222220002022022002000200022020222022000200222020000220202200220202222002200202202022220222022002222222022200002000202200220220020002202022022002
00020222020022022220202002222220220000022202220202222000200200022002202022020220200020000220020200022002002200202222020202022200202022022222220020222000222200002200202202200222022220000222022202200002200002220002002002000022222000022000222202200002022
02022202020200202222220020002222020220020020000222222202202022020200222200022000002022020220020202220002000022020022000020200000000002220000020020002020002020020200000222202202020202022222002220202022022000200000202002222002222222022022202020202202200
22220200202002200200202000002202020220220000020022202000222020022202220220202220222022202022022202020222200020200220222020020020022220002000000200222202202022202020002020220200020200022202000020022002200222020220022202000020020200200202000022200020202
20020222220222000202222200020020002022200200200200200200200220020200220220202220200000220020200200022220202020202020002200020000222000202000022000002222002200202020222220220000202220200222202000002020202220020202200002222220022020000222202020200202000
02220222222220000002020220020222020002220202020202222002020222200220020222200202220022200220002000200000202022222022202000022022220020200202000200002202220200202002002220202202222022220000000222000202200202000220000202002202200000202220202022200000000
02000202022000202022002202200220020022222222002220200202202202022002002022020220220000200020220002002222022200202002002020022000002222202222000202020002220000200220000000220200202022202202020202200220022002222200202020202222200002200022020202022022000
22020000222022020222200222202202022000002000020000020000202000222202222020020022002202022020002222222002202220000002020200000000222202002202020222002222200202220220222002220002222000020200220200022202222022202002202220020020220202222222002020202200220
00020000220020022022000202020200020222020202220002020200000022002022002000002202202020000020220220220000000022220000020220220000002002022002202200220220002022200002020000202022000022022000220222220022020222022000020222202200020002000002000200022022200
20202000200220202202020002022220020002222222222000002222022200222020202020202002022220020202202002220200002002220202222202002000000202220202200022202222200022220000222002220220000220200202002000020000020002220202022002200200002202000020020000020222020
00020200200222200020020000022200202202020022200000002222022202020002220022002002220222202202020220200002202000200202002022020202200022020202202200000002222020220020022002000222002000002020222022022202020202022002002220220000200200000222000000022220000
00002222202222000022200020020000020000202222200022202020200002200020020000022020222002200220002222202220202022002002202222022222000000002002222020000022002220022022020002220222000202022002222000000002000222220000220200200020020002020222020202020202000
20000222202002220200222022022222222202000202220022200022002022200000200222222200222020020200220002200220022202020222020222022220000220220202222202200020200220222020222020000002020020022222000200220002222220222220202002220220000202222002020022002020022
02022000020202222220200002220020222220002200002222020202020020000020020222000020200020002000200020220202222220220202200222020020200000202002020020002200020200220002020000022200002202202022202000020000000020022002022002222020222222000200222002202002020
22022202222200002000000022200200002200002222022020020200002200020020002020220220022220220220000220002002200220022202202002222202200222002220000022000000000202000020020202200202022200000220020022202220222222000020200022222202222002000200020020222002022
22000020020022220220202222002202020002002000222020200000022202000002202222220200002020220002000220202000000020222220020220220020220202020220000002200202220000020000022202020022202000202202022200022020200200000002002020202000200020220200220020020200220
02220220022022220002022200022020220220222020000222222000000200200020220200200222002200000222202000000002022200222202022202220020020222220222200000222002022202020200222020022000220202222022022200202022220000202000202220220020222022022220222022202002220
02200022200200202222020022222220222220200222020200002022202222222020002022020020220200002002022020022222020202002002200002200220022202022002020220002000022202202000000220222022202202220222200002200222020002000200202020222222220202002002222000202222022
20200000202222202222222222200022000002000020000202000200220200022020022220222202202222220002002000202202020222002020200002200222020200022200022202222020020000020220202022200220200202220222022002200020202002020020220002220200222020222200022200020220022
20020202000220020022022000220002020022000022222220220220020022200022020220222022202220220000200020202020220220000022002220220020220220200002202222202002202022022220022202000220202022200202002202000222202020220200222002200220020022220222022020000220002
02022000222022202200200020000022202000022020000200220222022022202220200002000222022200222022202200220222000222020202202220002202202220222002002202222220200002202000020022222202200220200000000002002020220220022022020200202220200202220220202022202220220
20000002020022000020220002000022022020020222002222200222020200002000000002022020200020022022222000000220022002020222200020200002020002200220000200002222202220202020200000222002220020020000022002222020020220022002222222002020020000200000220222200002020
22020022002022222002202022022200020202222220002020002202222002220022020200000222222222200020222020022002202202002022002022020022020020022220022022000220220020200202002222202202202020022200220020200220220020020020222200202002220222022222202200020022202
22020022222000202020220000220202002020220202020222022002002222020200200022000002222222202020020002220222022000200200200020020200000022202022022222202220202202222220020022022220220220002002222002220202022222002020200222200000220200020020020002200222000
20022020000220200202202220222200202200002222002000222002022022020220022002220002000000220000202222020202002202002000200020022200020020220000000000220020022220202020220020220022202000222020220022202022002202220002202202022022222222002022020002200222222
20222000222200220020222022220220202222200220202220020222000002002020220020022002202020202022020220000002020022020002002000020202000220002200020202220022002022222202000222000020020022022020022222200202002200020220200000020222000202222202220220200002222
02020022202200022220020022000202220222002222000020202000020020022200222200220022200020202222200002202220000000222020020000202200222000202000020200022020000022022000020222200000202020002002000202022200202002202222222220022200000202220200020200002222220
02000022002000202222022022000220202222202200020200002002000222002002200002022202020000200022000000022022020020022220200202020022022222022222222020200220020220022020202202002000000020020200220000020222200020022000200020202020022200002220220002022022022
20000022202020222002202202200002202222020202020220020202220202220220020202220000200220202022220022200220022020220202202220020222022200020222202200020022222002202202200020200020002000202202000000202200202002002000002220222200200022000200002200022000222
00020002022222222000002002200002022222022002022000002022002000222222002222020020022000200022020002002020202002020000202220002202202220020000002020000020222220000002002220000020022002220222000200020022222022200020220202022002202200020020022020202220202
00020022200220002020000020020222202020020000002220200222022222022002020220202202000222220222220020202222000020200202222220020022222022222222202202002220220200020222002020020002020220222222022222020022020200000220202202222220000020000022022200002020200
02022222020000002020220202220200020222022002200222202020222020002222220022200022020020200202022222020022220020000220020020002022000202222222220220020222200200220020200022202000222020222000220202022002200020022002202020000200202002222022020202222000202
00200200020020222222200022222002200200202022002000202000222020222000220220202020202002000000020200200002020022200200000002022200000020000220000200000002220020202022020020002020020200220002022220200002220000000222020000222202200022200222222200200022200
00020222222200020200202200200000200002220000002020022020002020020020000002220202002002020222002020000200002222200002000202022020200000002202022000220000000222002000022202202000222200220200202222222222000020200022200000000220000002002022020202022220200
22002220222200020202020002022202220200222020222202022002202022222220200000000220020220000002220022000000020200000220000002022000022200022200220220020202000022020020002200202220220000202022022202002202202020000020200202022002200220002202222000002200202
20222200020022202002000002220200220022000000202002202020000220222220022000022222220220000220220222222002220020000000000002022022202022220002220220000222020022022002202200002020020022222200220200200022002002200222020222202002200200002022222002000020220
00002020202222202002200000022222020020200220202202002002202220022022002202222222220022222200020020022002002220202002022000000000220002220022222020202222000002000222002200202200220000220202220202002200020222220220020020220222200022002002020002202022222
22022200200002020020002020202002022222222222000020000222020220020002002220200220222002222020200000022002000200220202220202020000222022220000020202220200200002020002000020200020220220200222002202022022022202020000000202002020022222000000020200000000220
02020002022022220002222222220000200000202002200002200222022020002222220202020022222200022220020000002202020020200002000220222020222022222020000022220000202022202000020002200022202222000020020020202202220202200200000000020020202000222200222200222222020
22022200220222200202022222222022200000220202022200200002002220202202020200002220220222002222022002200222222220222020020020222202220220200220200020022202000220020222000000002222022202000200000022222202222022002020202222222022202200222220022022020002200
22020002020002022202000202002020000020000222000220002002002022202002000022020200002200022020222202002220200000022000002222222220202022022000220022022020200022020000000200222020200202000202220222220022220002002000202022022222220000220020202200222202002
