145
00020000002022000022200202000022
00022202022002020020222202222000
20202020222022022220202220020000
02202200002220000220020022000222
20000220000002000202202202000202
00202220000002220020020200200002
22220200020020222222222222220202
22202202222202000220002020200200
22000022022220220020200200200200
20200002002002222202002222200220
22220022200200020022020020002200
20222220002022200000022222022222
22202020220000202200220000202020
22020020202000000002022020200022
00020200200202200000200020200002
22222222202220020022200222000220
20202000000220200000022220202222
00020002002022022200202002002202
20222222220200000220000200200020
02202002022000200002002020202222
22000020202002002000020200002022
20002002202002022000020222000200
22202222202220200000020202020022
00200202020020202002022002220002
22022220020000222022200022220202
20000202020020022200202200220000
20022200202002222200000202222022
20020202220222002022202220222020
22022200222022200222022000000202
02200222200022222002000220222000
20022020220202022220202022020202
00220022222020200000222002222220
22020022020200002020022022020202
22202222202222202202222002222222
00020022002200220202022022202200
02220000022000222220202202002220
22000222000220002220000020002020
02000022022222222002002202022000
20200222000020002000000220022002
02000020200000222202220020000000
00000202020020200002020020000022
02200222000202002200222022202200
20022002222022000000022222020022
00022000020222022022000022222000
00220202020000222200000022022022
00002200200220002020200000220202
02020222222020220202000020222022
20202202202220002002022022220000
22020222000000000002000220002022
00022020200220022022222000002222
02200202020022202000220220020000
22022202020222002020220202022020
02220020000022020020222200022020
20202002020020202220202220002022
22202002020200000020200002220222
02000022202202020020022220022200
02002002220022200222202222200000
20202220002220002002020022022022
20220202002220022222002220220002
00020002022020020202002222222222
20000022002022020000200202022202
22020222200022200020022222000002
02202202002022000022002020000022
00000002022000220002020222200000
00022220000200022202002220200222
00000202002222002020000200220020
00000020222200200020200222220220
20200222220222000022220022220020
00000002000000200202222200000020
20220222220220202000022202000000
00202020022222202202222222202222
20020020222022002200222200020222
20000200222202022022002220022022
22200222002000222002222220002002
20022220202002000202022220220220
20020002220220220200200200002202
02222020200020020020222020222202
02002020002220002000002202222022
22222000022202020202022022002000
00020222202002222000202222000020
02222002000200000202002222202022
20202020002020002022020222222220
00220222022000202002222000022000
22022200202002000222000020020220
00222200000200202222022220222200
00002220000220002022022222220220
00020022202020220220000002000220
20222222200220022002220020020020
00222002202022020022022220202202
20000222220022222202002020002220
00202220222222222222200002022202
00000202220020022020020002020020
22002000200022022222200020200000
20222222200000220002200220022220
00002002000220022222220220220002
02202022002220002202202222020200
20022020220222220020020220000020
00000022002222022020022022002002
02222002220002200000022200220200
20022002000002022022002020002220
00020220202222020002020220220220
20002020222022220200002222020020
20002202200000020022220202000020
00202222202222000002222220200020
02220220022022202002200222002222
00000002202202020022000220022020
22202000202200000220022000022020
02200202202200022002222202202002
02002002002000220220002022202220
22020202222020200000200002020202
20222020002020020200022000000020
20200200002002202002220020020002
02200220222000002000002222200200
02202222222002220220002020220000
02220020200220002020200222020020
22200222002002200022022220022020
22020220202022000022202222200000
00220200000220200202022222002020
20022000200020020200022000202202
20022000020022020202200202000020
20200020200002222220202002002022
02222002220000000222220222202020
20020220220000002000020022022020
20220022002200020000220000222200
02020000020202022002222200002220
20022022222000020000202020202200
00222022020000200222020002222222
00000200002220200222202020002022
00220000020002022202220000000020
22000202022000202200020020200202
02020202002020220022020002022202
02000222020020222202202020222200
00220220000222020200202202200200
02202222000000002222020002022022
22222020020222000202202220222202
22020000200222222020220020200022
02222200020002200002222222220200
22002000020000222200220002200022
02002202022002202022202022220000
20202020200022202222002020002020
20000220020000020220002202000002
20000200200022000200202020020220
02222020220000200200002202020220
00022002020202020000002000220200
00200202020020022202200222022220
