12
20202022200202202222020000002022220200200202202220020220220022020020020220202020222220202202020020000202000000202002000222202020002002200000202020200200220002022000002002022202000022020200202020200200020200000202022000020220222
00220200020022000202200200002202022200202020202200020020000020220202222022202002000022200000022220022022222022220000002222220002222220222202002000020220000022200020020022000222222200222200202220200220000200000000200222222002202
20020020022222220022220220000022002202202202002022020202200002200200222200202220002202222200202200200022222002220202020202000020022022020020200022200222222220020200000220222202002022000000020220000022020020202200020200022020022
00000202000202022020022200020022020222000200222222002022220022200020002200202020002020020220220220020200202020222002200222220220000202020200200202020002202022200202202000022022202202200020000020220000222220002000000202200200222
20222222200220020020202002002200200200022022000202002220220222022200020022200002220022202220020200220020022200222220200220202202022202022020000002002022220020220000202200000200200002000002020200202220202200200002220022000020222
20022020020220202200002000220022200020202022000202000000022000220000200200202002222022202222200220200020002200202200000222220220202202000220002002020202020200022000220002000202222222020202222020220000002220000220000000200200022
22202002020022200022222000002000002220022002202022220202022220000200202220020222000220002220002220202222200002202220222222000222020220022000020222202222022000022220000200002020022020020202200202222202022202020222022202002022000
00020222200022200002202020002202200200020002020000202020020200220220020020022020022220020222200220002222020022200220022220022000202022000000022200220202002020020020202200000000200222220002202220020202000022202202022220020000000
02022002200000022020200002002020002000022222222000002220222202202002020020202202220222022022202202200020200200202002222220202202202002022002220000002020222000002220000022200220220222220000020202220020202002000022222020020000020
22022222020002200220022020002002200220202222002202002000222020002000220202022002000222002020020222002222002200200000200022202202000000002220020200000002202200202020000200022200022020002220202222202022222200020202222202002002200
22022022000020222220000220020202222000000002200220202000002022222220220200220222222020000222220222222202222200020002202022200000200000222000000022220000220200022220222022200202222000220202020220000202020002022022002000020022000
00202220020002022000200222202202000200220022022020000200000022020020002020202000020222022200200220020020000222022000200022222000022222002222220200002002002022200200022022202202000200222020022020220202002200022020200022000002200
