196
20220202200220220202000002020202222000000022222220220200200020220022022202220202020000002002022022220202220220222202000000022222220022222200020022220002200022020222000022000022020020220002222220020022000222200022022202202000
22222000220000002000202202200200022000220200202200220200220220022002020020202222000220000020220202200202020000022200022002000202022002020220020222000222202200220202220002000200002000222200002002220222200020020000222200002002
00200220220022022200020022222220200000200002220022200200222020020020000202220020000222000020002220200020000220020220220000022002222220002222002020220202000220002020220202020200220220202200200000002020222220002020000020200000
22220000000002022020002020000220220000222002200220200000222200022222002000020000000020220000220000202220002222000200020020202022022222222200202002200200222202022220000222200222020220222222202200002022200220000002202200022202
22222200020022020220202022000000202020222222200200200002222000022202002222000200020000200220020020022200202202200020202002020200000220000200220220020202200222202220220020220002220022222000020202202002000220200020202002000002
22022222200222222220020200222202002200220002022222002022200000002220222002202202022202020220222220020002002022000020222200200022200002000002002222200000022222220202202020202220220000200222022022022220222202200202202002200222
22202002000222202002202000002020002002200202202020020202200220200202022020002220020022200220022220220022202220220220000222022200200002200222200022022020000000220202020202222002200000220002002022000002200222222020000222220002
20002022202022220200000200222200000200000200200220002002020020202002202200200200000202202200222202022002000222020200220202022002222200022000220220020202222200020002202220220200020020222202220020200002200000222000000020202222
00220220220020200200020220220022220020022002000222200002000202220202200222002202222222202222020020002220202202000222202220020200000202000022222202000220020200022200220022020000202222022202022220220202222200020202220222222200
00000000220000222222020220000220200020022002002022022202220200022002000222202000022000200220020222020020200022022220000000000002202220222000222220202200220220200022222020222000202200000022000220000200202200022022020202020202
02222022002022202022200222202022202222002020202222222020202202002220022022202220200000000200022202202020222200020000022000022220220202220002020000222022002022002200020000202220222020022200202202020222202222222222222220020200
20022202202200002002002202200222222222220220000200022002222000220202020022202022022002002020202222200200202220022220002022020200020222002220022022020002222002020020020200000200022022000022000220000002222222000222220220222202
20202022020020222022002020202202200222002202020002022202002222202022000222202020220200000220220000202202022202202222220222202020002000000000200200022200220202022020200200002000200202000220222222002000022220002220220002222002
00200000002202220020220022202222002202200002200022002200020022202200020002002220020022200020202220222200022222220222220022000022020222202002202220002220202220220022222020220202022022020002200002020222020222020000200020022222
22200022222002000020002200222202202200022022000022220202202002002220220220202202000020022202200200222222200200222202222002002002002000020000220220222220002200202202022222002202020222220220000020202020022222000220222222222220
20002022022020200200220002200222200000000222200200220222020022200200200022000202002000000000000222002002002202002220020002022200220222202202202200220000200000000022022020200200220220020002202202000220000202222002222222220002
22220022020200002202020222020202020020220020200022202200220222202222022222022200020202000020222022002020020200022222220222002200222002000222222022202022222202222000000222222202022200002220222022000020022202200202020000020200
20222220220022022002222022222202202022022220002020020220022202220020200022220000020202022222020222222222220220220200000200002200022000020202020002022222200000200222020022022220022022020022002000200200002202000220202020020020
22202220202222000220002222220002202000200222220020000220002222200002202020022200002020222020020200000202022020202000220000200202202220220220220002020220020222022002022222020000202020220002002002000200022200020202200202000222
20200220222022222000220220222020020000222022222202000002202020000020020220222220220022000220200222200202200222022000020222222002022020000022000200220222020200000000220002220222200202020200200222200202020022200202000002202020
22000222002202000220200002000200002002200222000022022220002000002002200222200022222220000022002020222220220022220220222202222202022020002002220200222202022202022022020200202022020000020200200222222200200022200220000222220200
22202000002222020002200220020022022002002000000000022020000022020222222022202200222202000020200000000200202222002000202000020202000000020000202020200020022002202202202222200200000020002202002200022202220222020222020002220222
20020022022020202222200222200220022222220200000020222020022022220022000002202020000202220220022200020202220002222202222020222222020200200000022200000222202020002222222220020000000002202002202222020220222022000002202202000000
22202002002020222202200022022002002222202002202202202222022000200022222200200022000220020000222200002000220022220002022200000000220022202022020002020222020022000200020202000022002222002202222200000002200022202222200200000200
00200022022022202022000022002220202022020002022200220002000202022022202222220222202002002202220202202020200202000200020020220020222222022222000202000000200222202020002020220002002220200022022202200220002220222020020000222202
02022002200000020200220022220002002220200222020000002200200220002200222200200202202202002002020222222200020022002000022022002002200000200200022000200202022220000200002022200002022000002200202200200200202220022222002202220020
22002000220000202222020202002202200020020002220000020020222022220020022202020000202222022000022202200020202000002202220202220202202000022000000222220200200202020200022002002002222222200020022202202200002200202202220222002002
00022220002220002002200200220222220220002200022022202000222002022200200022020002220222022002020202200022200202022022202222220002022222200000200002202022002200200000222002000022222022220002220222220002220002220002020222202020
00020020220002202020200000200220222020202002002200000002002202222000200222000000222022022000202202020222002020022022002000022202022220022000022022020202202000002220000222202022000202002002200220002000200020020002200220002020
22220222020000000200000220022020022220220200002200002022220202220222022202022222200200020200200022220002220020000000202020002220020002022002022220222222202002222022200022202022220020000022002020222022000200020202000022202002
20022222022200200000020020020000222202220202020222202202002200222020220000200222222200020200222222000020020022222202202200200020222020000222220020002202020222002222202022022222000222002002002000220202202020200200220222202220
00002220202022200002020200220222222002022220000000222002222202000022002022200002200222022020020020200020002022002220002022020020220202222202200020002222022202000222220022022000222202220202020222020022022202222200000020200220
00022200000200222002220220202000020220202002020200002022220222220002000000200220020020200000020220002022202200220202200220022000000000022222020020200002200000002020200222200000200002022220202002002222220000002020000200022020
22022200022002020222000202022020222022200020200020000202220020000002022202022202002000002002000202022000222220000022020220220220002000022222002002000200202000002020202022002022020220002000220002202022220220002020220002200220
02000020002002000020222000220202002000022222222202200022000022220022022222222202000022000222002022222002002220022020200202000222200000020200000022202220222000202200022222222220220200220220220202020020002222020000222000222022
22020020220002022222220222202220202020222200200020000202002200022220020020200022200020220022000200022000200220000202022002002202202202200202202020022200222020222002020202200002200002020220020202000220000020022022220020022202
00002000220000020000002202200000000002200220020020220200020222200002220002202200220222222200202200202000000200200000220202000200220000022222220002022000000002000200202022200000200002220200022000202020200200222020002202220022
02022220020220220202020000002020022002022200220200022202020020022202202202200020222222202000020220200020222000002022222022020220220200002202020020222200202200222202202022200202020022200020022000002000200222200202202000202200
02002202200220202020200002220200022200000002000202002000200020220022002000202222002002220022000220200002202020200200222222220202202020000022020220222200200202020222000002020020200202002020022220200020000002200222220200202002
20002000020020220202002022202220200020002000000200220202000222222000220222200000220000222022002022022002002020222220202000002020020000220202002200020000000020202000202200000000202200000000000000020022200000202022220222022222
20000020222220020022200222200202200200022200222220220020002222200200022200220222000220000202200200200022222200202022202022220222200000200202202020202202000002002222020220200222022220022202220002022020022022000222222020202002
00000202200020200002222202220022200220202022220202020202200220200002020002020002222222002022000200000000200000000202220202022000020002002202220200022220002222022000220202000002220222002202220002020000020002220200220020022200
02220220220220000200200002202202000020220220222220022020220200002002000202000200020022200200222022020002022220222022002022200220020200202020222000000202020020200200202200000220002000002222022220200022200020202202002200020002
00200202200002202002000200022020022220222022200222002222002000200222020000220002002220000022200020200202002020222002200002002220020222020220020002222000202202220022200000222200022020202000022002020202200200020002022002222020
00222222022220222000222202022022020200000202200002220002222202222220020200020022202202220000200022020020002220022020200202002202022200020222002020220222002002200002022002222220000202222220002222022022220020222002222022220222
20000022200022022222022000000220220002220220200020002022222000002222022000000020200202222022000222220202000220222022002002200002022022020202202022202200220200220022222020222022002222002222200022200220220000020022020222020200
22002222002022202002200202002002220020002002000220222000220000020020222220002022020002020202202202202002220020000222000022020200202220222002022220002000022200222022000220200020220000000202222022200020220002202020220222202222
22000000202000202020022000200022220022200202202002020220200222220200000020220002220002220000002002200022200200002202200022200200020022020002202200220222020222002002220222002200020002222202202000022202002202020220202022202020
00202200202000000220222202220002002200200020020000222202202222202022002202000002002200200002002000202222000020020200222200000002200000202200200202202200202200222022200000222222002020200000202222002222002200200002202220022002
02022222002200222202022020002220222022220220022202220200022020202020002020220020022020202222222202200220220222000222202202020222002202020000000200220200000202222002000020200200022200200222000000022020202022222202002002020222
00000222000020022222222000220022200200220222220020200020220220002022002000002000000000200202200202200020022202002202022022222002000020200220020002200220002222000022020222222202002002000002000220022202022202202002220220002200
02220220020000002222022222020002200222020222220200002202020020202002200022002000000002022220220000200000202022000222022020220022220200200220202020202000002022200002200000222200202020002020020220022200002222020220000200220020
02200200020002002200220200020222200002220002220002020220020220002220220022020000202002000000220200000002022220200000020222202200020022202000200002200020020020222202000220222020222022202200020020020020020022220000200002220002
02202200222020220222002000000220222200000002202200222020200200002200202222000000002002022220220222000022000202000200200202020220220000022022202222202200022022020000202200200202222000202222020220222222200222220020002002220202
20020220220222200220202220000220200220202022022000200020002002202022200222220200020002200220022220200200200000222022000022222200222200000002202200202002022020002020002020200220222000202220222020022020200022222000202222222202
00220000000222020000022200000000020022002022000222020002222002000220220222202220022202000200020200202000222220000222222220022220020022220222022022220022200200020202202202222020002200000020220222020200022220222222220220220202
00220220002002022022002002222202222002200002020020002020222002002200000020002222000020000200020022220020000020202200222200000000002022002200002022202022022000002222200022220220202220002020220222202022002202202022000202002002
00200000200000002222200000002220220200222220002222200002220222000020222000200220220022202220000020202202200000222022002002022002222022202220222202202022020222022202202020022002200022222022002220002022220022000202200020220200
02002000220202202022022202000220220000022022000222000220202202002220202000202222222020000200002020000020220022220022022020022022202020200200202000000220022022200202220222200000000022220000222022220200220022022220202222000200
00020022200000202002022200002022200200200002002000002202022222020020000000022002220022222200222200022202202022020020002222222220022220202020202022002000000022222200020020002200022202002000000200020000222022002002000222020002
20200202202022002002002022222000200202202002220200022002002022202202202022202222222202222220222020000000000020200022202020222022200020220020020022220222220000000020202202220202200202202222002020022020020000000000000000022020
20200202202222002022002200220220020020022002222220002000020000000022220220002002022020022220200002002020200022022222020022202022002022200020020002202002022002000002220002000202002202200000202200020022200000022222002222202200
00222222020000222200200222202202000222020220020220020220000022000022002222202200222202222002000222222200222220222000220222200200020000222222000220202202202002220222002200222020022222222202200222020220000020020002000200220202
00020022220220220002222000202002222000020000000200000002020222200000202000220022202022022020002202222202200002220002022022200220020220022200022002000220200220202020022202002220202202200002000202222002022000220220200002000020
02002020022002022000002200020220022020200222020200022002022000020000220202220222200202002020200220220200202222222222202002002020000220200220022002000222000222000202200000000222222020020022200200200022002002200202020002020020
00000200020022002022200002220200000220022002202202022202220022222220222200020202220002022200002020222222000220202220222002020002002002222222202220000200220002000222020000002020002220000220222202220202022022000220222200002200
00020002200022222200222020202220220222200202202202200002020002020220200222002202200200202000202202202220202002220020000020002200202202002200020202222022220222220020200020202022222202000020002022000000020000002222200200200220
22022200000000222202200000002000222020020022202022020000200222200022000222022020222220002000000200020202022220202002222022200202002200022022222202202222220022202020200002022000020002022020000022222200200002202002002202222020
02200002222222000002200200022202220200000200002222202202000200200022020022200202020202222200220220000022200002220220222222002200222220000000202002020202220222202200222000220222022200002020000202000022022202222200020020202200
00022200020220220020020002222000220220202220022202200020020220020202220200222002022022000022002222202000022220220202022200002022002020202002222000222222202020002200020222222000220022220022222222200002002200022222022020020220
02220222220202200200020220222020222222222022020020222200002002000022002020002202020000020222000000202200222000000202202222220002200222020002202220222022202002200000222002220000202002022020000220202020222222220022200000000022
20022020222220222020220202020220022220202220022020002202200000202022022202202220022020020020202202222202022020000022222002000220022202020202020002002220020220022020222220022022020200022020220200220200020220222022220200220022
00202200022220022222022220000022222000000022020220020220022202200200020020002020200020002202200002020000000002202000222020200022202020022002220222022000200000220200222220002002200200220000000022222222020000022000020020200222
20000022002202202202020000002200022020022002020002202200200022002220022022200200022200202200222022020020200200220002200000200000002200022200202200222000022202020222002020222020202000002000002002200022000022202202220220002002
00000000000220000202200200020000022022022002022002002202000220020022200020220002020222002202202000000002202022220000220200000202022222222002222002200000222000222220222000020202202220020002220220002200020220000202022220220002
20222000020002000220220000202202202222002022022202002020222200000200000022220000202200202220002020022002000200020022202200020222202022202002222022220202220202202202222002002200202000220002002022002022022022002202020202202002
20022202220000002002202020220222002022222202022002200002022000020000002200020202220200022222202200020000222000020000002022222222200002200000220222202020000220202000002002002220220222002222220222200222200022000002222220220000
22000000200200200022020002022020002022000000200020020020202200222020022200200000202202220220002220220020020022002202202202000022202000022020220020202200022202020220002002002000000002220002222202000022002202022002022022202200
22022222000200220022002002220000200220222022000200002020022020000220202202000202220202002000200000000002022022002200000000020200220020002022020020200222202222222220002020002000200200000202200220000220002202200220202202202200
00220220200202022020220000222220200022202020002202200202000222002220220200000022022002200222000002202220222000220002222200020002222220202200022202002002202000200200020020020022000020022020020222222020222222022002200022022200
22000002202220002200000002202202002022202022202002222020220020220200020200022200020002222220200220000200000220200222220220202222002020222200200222200002002220002000202000202000202220200020220200002200020020002002022220202202
02000200002222220000000222200020202200000002222202200020002000202200020220220020200020220222022200000020200222202000020022200200000222202202020200002220022002200020202020022000000002020200000222222020022020200220002222222002
22000022222222222222020020220220002000222200020002000200000200002000022222220002202020002220222000000022022002222222202200222202202020202202022200002200002202202022000220020222200200020220020002202020022200202020202220222200
00200020202022222002002220002020022200220222022200002000220202000222202220220220000202020222002020000000020202202020200202220220202202002002022002202002022200022222002222000020020220220020000222000200222022022022220002022200
00020000202200020020022202220000202002002200002200220002020000002222200222020222200022000022220002000000222222220202002220222200000222220002200222220200222000222222002002220002220202200202020202202202220202002220222202202020
00200200020002200022200200200220222002020020220220022000220002222020020000222220222022202020000020200022002022022222202220022222022020202022022202222202000200002202202202022002022000202202220202222022200020222000022002200022
02202222202202222000000220022200200002022220200220222200000000200222200220020200022220000020022000200200020022220020222002000000222200002202200222000222200202220022220020202000000002000022200020000222020222202200002202002022
02222220002202020022022022222022202020200022000020020200002222202022202000002020002020222022200002200000000000202222000000020020202202020222022202202020020022000202020020022202220020000002200202200202002000020222222020020022
02222200000222002002002222022020200000000202000220200002220000020200200202000200220000002202202000020000022022202220200220022000002022022022200202200202200020000000020022002020000222222002200020200220222202000000020220002222
20000202002222000202200222220200000000222020220200002222222022022220222202220220022022202000220002202222000022000202200000022022000200022000222000020000022002222220202222200022022200000000020022020202000222222202202020020020
20200002220222000220022000022022000000202222200200002200200002002202200022020022202000220020222202020200222002222200020020202002222202002200022022000022220002220220022200202020202022200200200002000002220022022220222000222222
02220220002022000002202000000000022220202022000202200220202022222222222200222200220222220000222200222002022020220202200022200222020022200202002020222202220022200002020022022220002020222022022000020220220020222222220222000020
02220220002022020220020202000200022020220222000200202200002022202020000222020222220200002220222202202000002020020202000002222000202020222222220200002220220220022220022220020202222220202220002220000220220002202000222020222020
20200202020200022200002022202222022000202220002000000220202220002220220220200022002020202220220022020220022000200202020022002022220202022220002000200002000220220002222222222000022200220022220200202000202222022022222222202200
02222200202220002022222200220020222222022022020002202020200002002202202220220022200022002020222022000202200202022002220202000202200022022000000220020202000202222220202022020002002202202020222000002000002202002000202022202222
22222022002022002220002202022000202202202020202202022000020020202020002000220220020222000002220022022202020020220020020020000222202020000022002222202200222022220222202202222220200202022200222020200002022202020020000202020200
22000200000022002220002002022220200022220200020200222220022020200000002022002200222222202200002002022000002202202000200222020000222222200200000000020202202222000000202222020220002002000202022002020202220220200020002000220200
00202200202220020200222200022202200022020200220022020202022020200220200220202220002022202202202002000222020020000202000002200002200200002002002202000222200200020002022222200220000202020020022202202200200202022020220202020000
02222222000202022020220022200002222220220000002020220220220220002222022202222220022202000200020222220022202222220022002000000020202000200202002022200020200222220220202022200022202020200200002222222200202022020220002022222222
20022202000220200002000002202202020020020200022202000222002020200000022022220020200000222200000002222222002202222200002220202222000002220002020000022222002022202220202020220222002202202020020220022020000022022202200202002020
22002220222000020000022202222002002020202000020202202000022222002022200020020022220200020000200002000202200202020020202222020020220002200220002200020202002002220222202020022220222020200202220002200020202220000000020002022202
20022220002002022002222222220000020002022222220002222022022002022002002000222222202020200022022022222202222000222002202200202202202202000202000202020020020222022222220002020222222222200222020222022022220002200022202220002020
22002200222202202200000202220002002000022022022022220202020002022020222022000202200022022002200002022220022222002000220202002000200002022000222202020200020220020020202220200200002222002022220202022222222000222202000000022222
02000022022200220020200220002000220222002222202020002222002020200202200022002220000000020222022220200220222220020002200000000222002202000000200002022022222222002020202220000000220200200002020222020002202020202000200202000200
22000020222202202002220202200200000022220020022202202002200002020000002022020020002202000220220222000002220020200020000202200000220222022002002020202020222222222020222000200000200022222002202220000020220002020000220000002222
00200202022022020002020002002002222220000020220022000002022220202220200002200020000022000002020220020222200000200002220002022200022222200202022220002000002202002000200020002000020002022002220222222002222220220020022200202022
00220220000000000202200200220022222000000202002000020200020220000220202002002220020022200000200002002202020000222020220002020202000000222222022220020200020022022202002020222020220020222200220022000222220222220002220202202202
02202022022200002020000022000222002000000222200222220200202220202020022002200202022000222200200000222022000220202020020220220202202202220200220202220000000022222200000002002220220002222202200022002222222200200200000022202222
22200022202000202200200000200000002222020000200020220000202222022000200002222202220022002222002020002000220002222020000220020022022020200000002002220202022202222022202002220002000020220220002000220202220220020220202222220002
22200002200000222220020002202220220002020000000202200220020202202002002020200002000000022222200022022220022002020222200022202002220200220020222020202220222222220220222200002000222022022202002020222220002000022222220020020222
02022020022220000222002020202222000002220222202200000202022002202200002022002022202022022202200020000220002002020220200002020220002220222020220002220002202000202022000022222202202022202220020022022020220200222220202000020202
02020222200022020000020020200002202020202002022220200222222022020200220022002200022000020220002202222022202022222200020000220200200220220022200022000000202200200002220220002002000022020220000000200000000000000222202202222022
00022020202020020200200220222020022220202002022020202220020220000020202202222022022202022000220222222220200200220000000000020002002220022022022202220200220200022002020000202002222002000202020000222200202002202222022020020200
22222220002020200200022222202200020220222020000220202200220202020222222000222222220002202220020200022002002000002020220022002000202200022000022222002222202202202020020220000022000220000022220222220200222000002202000200220202
02000222222022002022022002020002002000222022222002200022222020022022200022222220220002222002202022002222200002200020220222022222220002020022220002002000000222020020000202200020020002000202202222020222020020200222222002200000
22022200002200202200220002202200200220022202202000222000222200222222222202202020222022202020022002220020000002202200200022020020020200022222202000020222000020222200022002222020002022000002022202022200022022220022002202200200
20222002000202020220220202202202202000000222202220000000200200002200020000022200020020000002020002000220002200200220000222220002200200202202002222202202000020200202020020000022020022222020200200020002002022002022022220022200
00202202202200002202202020022022000200000220222220022000002222220022022222002200022022202000002202000002020022202220000200020022002220002002200022002200000000200220022220222022022220022000020202202000200222020022000020222202
00202022222022220222200220000222200002000022022220222200222002000220200220200200020022000220000000002000002220020220022200222022002220020222022202002222220002000222000222200000200220002002000000220200002000002020002220222220
22022202022200222022022220202000222202220200200200022222022000000200000220200220000202020020000022220220020002022220202022020022222220000000200202220020222222200002002022220202002000022002200002222202000220220022202022222002
20202222000002220002022220002220222020000202202000220000220022002220202000220222202000200202220220220202002220002020000200022020200020020222200002020022222220202220002020202002200220220002020220020222000002020220002220202000
22020202222000202000202002200202220020022020022202222002020202222000022202220002200000222002200202022220220002022000220220020022222022222202022000022200202000200202022002022222002202200000022220002202200000022202220200222022
20000200222020200202202222000220000222202022202220220202220220222000000202202202002002220202022002020202022022020220202022002000020200200220222022002000220002020220202220022022220020202200000220222222020202202002022220220200
00022022202022000022020222022000200200022020200220220000022002000222200000020002002002022200000020222020022000222002220200020220020022020022002220022222220020222200222202200200022222220022222220000222222002202022020002020220
22000000220220022000202022002222002220000000022220202200202202200000002022200220202022002220200020202020020202200222220022022002020020200002202002002200200202000020200022020200222000202002222220220222220200222022022000200200
20002200000020202200022222222022202002222000000002222222002200220222020020002222020022220200002220220220022000020200202002200220200020022222220022202202000020200202022000220020002022002220002200202200022020002020202200020222
00020200222022222020022022022020200202202200222222022020220022222220202220020020022202222002220000220002020220222022002020220220002000202220220222022220200220202002000022002022202000202000020202220000200200202022200022222220
02000020022222022200202000020220220202220020220002200222222020202220220222202000200200202020222200200222000200220020020000222222202020020200022202202002222200002220220220020220020220002000002220200000022200020222020022202220
00202202022020222002022020022000222022220022000202000020020002222022020200200002222222000200202200220000222202220202202002020222202220000200220000022000002202000020202002222022222020022020022000002202200200200220000200202202
20000022020002200020002220222020020220022220022202000220002020000020002222202002020000202020202200222020022002002220020202222220202222202222000222002220200000000222002220000022220222000222022002220222202002222020022000200222
20002022020022020222002000200022202000002020002002020200020022022020020020020222222222220020002222200002002200000000020220000200220000002000202222202020220002000222020202020020002002002000022022200202200222002000022222222220
02222002022200000000020002202002200202200222202022222222020202200220022222200000220020022222002202002020202002200220022220022200000000220000002020200220020220200222202000220222022220002220220000022222222200002200000000200020
02200200220222020200220020020202200202222022222222220200220020022020200002202022202220022202002020222200000020202202222022000200220000022000222222220020002002020220000002020020200222202000020022222020200220000222222020022022
02200002000220222202200002220220200222202022022202220202220000020022222220000222222000002022000200222222002220022220000220000200200200220220202220020200000200000222202020022000220200020220222002022202002022020200020202202002
00202022220002002022002222002200222202022220020220020000002000222002220202222002020200222220202000202000222202022222020022022222222020222220002020202002220222002202220000022020200220200020222022020220020022202002222000020222
22220200222220022222220022220000022220020002020220202022220220020200200220000200222002002020220002200200020022200000202002002020000000000020002020202200200000022000002222020200222000200202220200000202220200022020200000002220
20020222220200220002022002002200002200202002000002202202000222020020202222220022002022000022200202020022202200002002000202002022202002220202200220222222202200000002002200022222222002020202200202222000220200002200000220020022
02002020202200000200020020020022200000220202022002022222200000202222000202000222200200002220002020020200220202002022220022022000202002020020000220202002220020022022202222202022002002202020220222002000002222000002222220200020
22222220222220202020020200222020200222222220000200022200022200020000202202200000202220022202022200202200220020202022220020202002200202020022000000200002002222200000222022022022000222002222200002222220220220022000002202202002
00202220220000020020222002002222200020220022002200020022002002200200000220202202020220022000222220202202020020020020220222222220200220222020200200002222200220002002000022200020022200002220022002000200022222222220000022222220
02002222222020002200220000202202020002200222202202202202202022022202200202000200022000002220202220022020020220022020200000002022202000000022020200020220002022202000220202020022002002200200002002002000200000202202020222220202
22020000202222222002020202222200002220002022222200002202002002200000222020022200202220022022000022022000220000200202020002020000200202020200000020220002222220222200202200002220000022200022220200020220200202000222202200002022
02002000222200000020002002020020000222220022020000200002200202200002020000222022000202220002022202000020220202020002022222000200022202222020222020020200202022220022022020202000202020022200002020002220220002220200000222022002
00200002200202220020000020020020222002222200220022222002022002202020022200200000002002022022022002000020200202222022022202002220222022022000022022022200002200022222022222022200220002220200022202000022022202022000220020202022
02022222002220220200222222022020000000020220200222222222020000222020020022002020020202222200222200002202200000022220220200000200002022220022020222020000200020000220002020000020222000200220200000202200002000222222200200000020
20002222200202220000000000202200022200000222022220002220000022220022202002022220000022022002000000020022220022220202202222002200220000022000220000202222002022200020020002002022000220220200222220222200202002200000020220200202
20022220000002200222220002022220222002220020200022220202220222202020002022022220220220000202002202022022220220222220200200022202200000200220200220222220022002020022002022020220022022020020020202202020202222000022200220022000
02022002222000222002222200000220020022000022020022022002200002222020002220000022200200020022202220002202200200200020020200200020022002200202000000222200020200022020202220220000022022000222002200200000220202222202022222202002
22022022022220002202000000220020020202022020020220222200202022000202002002002002202002000000022220002200220222002020222202202202200022022200022002202222000022222022200002202022020222000002200222220200202002022000000202222002
00220002000222200002020022002002220220200220020222220202000200202002020000202222220022202022000000000200020000022220002022002020022002020200020022200202000200220202002002022220022022022020002000202022000002200000020020022022
02022020022222002200022002022200222002202200022000200200002222000002022002202202000020222222022002000000220022002002020022202020022002000200000200020202220000000200202000202222000000202220200222002022220222200002022202022020
02202200202200002202202000220000022020222020002002200022200020020200020000000002000200022000222000220000022220002000222022202000202222220020000220202200202220222202002002000200020002020022222202020020022202000002222222022200
22020222200000020020022202200020220200000222220222220200000022222222222022020200222002002002022222022222200222002020220000222222020022222220200002222220002002002020002022222200002000202200000020002200002022220200200020000020
22020202222020002202022000020000000020022202002202220202022000202220222200000222222020200000020022222000020222202022202202202002202020222220022022222000000002022202202222222000220200002020022222000220020020202020020202020200
00200200020202002202202002220000220002000200200202222022222202220020002200202020000020020220000200202222022000220002200020000020200020020200202202022022202222202222002200022022000022000020002202200002200200000222220020022020
02002200220002000002002222022002000200000200200200220222022220200202202200020002002022220222000022222222020200020220000002020022202020202222202022222000020222222200020002022020222020222202220222002220202022020220022200022200
20020220202220222222202222000202222222022020220020202000220000022002000222222222002222200020202002202022022202022202020020222202000202000020202202220200002202022020000220000222020020222200000000022220200002200020002202000202
20020002002202200202220002220202020222020220002022020000220222022200202000220000222200000202202202202200220020000222022202002000000202002020202020000200022022222020022002202200002020000222002222002022002222000222020002220000
22002220022202222002002002200220202000222000020200020002200002222000200000022002202222202222220002200202202002020020202000022200022020202220220200220220222222222002020020020200220222220222222002202022002002200020002000022022
20000202002000220222222000200022220200002000200000020202202000020002220022220000222022022202002022002220002220020002220022200020000222020020200200022202220220202202020200222200220000000202000222200022000200022022220020022202
20002222200000222020222222022002222020000202002202200202020220200002022220020002020022200222002202020220022222220222020220200202202020220222200002022000222200000000002220220200222200202020020002200220020200220022022002220200
22002200202222220020202002020022000202002000002220002200222202222202022222000020002022020220200000000200202200220202220220202020200220020222022022220200222220220020222000202000000002220202220002020000002020002000222222000200
00000222002200002022020200220000202202222002220020200020222002002020022002002000000022200200020200202220202002222022020200220020000220222020002222002000020220220200222000222000200222220000022020020222202022220000002020222002
00222000022222022220022002002222020002200200000022002200022222222202202022202000002000200200222022220222000202020220000000220200002202220220222000022022002002002202002000020202000202000220222200200022202000002020000202200202
00202222022220022020202022000220220002020002222200022200222202200002002222200022022220220202000020200200022220220022222020000022222202020022020220020200202000220020200020022220002022200000022202220020200022022020022020200202
20020202220200022022220222000222000002020020022000220002220020022020000022002002200222222002222220000020002220220000202022202222002020200000002000200002220022222000222022022002022222200222222200222200002000200022020022002000
00000222202200020200202202000022202200220202222202222000000200020002202200022020220002002002020220000200202222020220002200002002220220020000000000002222220000022020200000020222002002222000000200020002220020202002020020020222
20000022000000222202200000200000022222200000222202000220202020020200022200202220220022002220000202020200200020222200202022202202000022022000000202202022020022020200000002222002222202222000000002222220222222020220222020220000
02200202202220002000002002000002220220220002222020200220200002202022022200002220220022202220202220222020000020200202200202200220220222200020202200002000020222220202002020200020000022220200022022200222200002220022222020020200
20202220022200220220020220200000202022202202200222000222222000220020220222202022220020222200220000220202000222000202202222020000002200220202022002000000220202002200220202000022220022222002202202220020022202222220000222022022
00220222020022022000222200020222022020220022002022200202000200200220222202200202200002020202222220022220002220002222002022002002220202200220002222200202020200020200022222202022200020200000022022022222020222220002200200222220
02000200000202222222202202022022002200200022000020202200022220202020200000222022200020020222000022002222202200222000002020222202222222222000202202200202222200222022202222020220022200202202000220020002000202222022222000022020
20200022202202200022002222000220002000020000000200000002002002220000202022020000202022000222200222222222020002222200002202220200200000002000000000002020020022200200022202002022002222000020200222020020202222020222200202020000
02222202220222222022022020022022202202202002002022220002022222220022000220222222202000220200020222000020222002020020020222002000200022202020222220200020220222222002000220000220020222220020202000020202002200002222002000000000
00222002002202000220220222020222022022020022220002222020022000202220222202020020200220202020000022200202202202200220022002222222200200000000020222200202020020020000200022222200220000200002222022022000200020020000020220222202
22202200022022002222002220000220022200022220022222222020222000022020020200202202222220222200200000022200002002222222020202220202202000222222002202202202220022022002200022202002000002220020002220002200200022220022202022002002
02022220202202020222220202002222222200002000022220022200020222002022020220220002200000222220002002020220220002222002002022202000002000002202022200020022200000222220202020220202202020202220020000000020202222222220022000002002
22002002202200222000222000222022002002000000020000020022202200002200002000200000200020000222000202020200002022202002220202002222202222220020202022220002202022200002002000222022200022002020222200002220020220020200200022000200
00000202000202002222222200000202020200200222220000202002202202200202020200000022202002200222000222000000222002022202002200020202002002000002222020202200200020200020222220020202000002222202200022000202020022002202002200002200
20020002202022220022000002002200020022222222000000000022022022222222020022220222022222200222022020222002200222020200202002020202022002200200222020020202000200220022002222020020002000020220200000002000022022220000200020220222
02002020222020000002222000222002222000220202020200220202022002002022202220222000220222020202022220020202222200202202022022000222002220002222200222200200022020200202200002000020222002022200222222020020202002220022002220022200
00222002220002200022002200222020200022002222200002222002200022020222222220002020002002202222222022200200002220000020222220200022202000000222220020200020200222000020200200002002220000020220002002222020220000202002020222222000
00020200022222202200000020020200220022002200022000000222222022000222202222022022002220020002020020000022002220222022200202000200202220002220002202200222022202022000200222200220220220220000002002222222200000220222200200002000
00002222200200222220222020000202002222000022200020200000220202222202022000002200202200022222202022222000022222022220020022220000202222002002220002000022202022002222220222020022220202202002200002200020000202222220200220200002
20200002022222022220222220020220220220220202020220202220200002020002202002002220202222020200200020022020202220022002000022202220222000220200020220002202222220200222220202220200022002020022200000202200002002002202202022020002
20202202222022022020002022022002220002200002202222002222000202022000220000020000222202200220020020002200220200020002202022222200220022202202222022220002220002002000200220202200002020220000220200002220222200000220000222202202
02222002222000002020222020200020020222220202022202202202000020222220202022020002202202222002222220020022200020202020220222202002200222020202000220202000002222002200200002220000220020222002202022200002220022200220000202202022
20220022000220002220002220200002022000200002202222200200002002202202202222020220220022220222022002220222020000200002002200222020220020200022220200222200000000220020002200222000002002000020200200222220202000200000022220000202
20020200000020220222220002222222020202220022220002202202002200200200202022022002202002200202220020200020020000022200002000220200022020022220200220200002000002222000022002202020200202002020020000022200022202002002022202200200
22020020202000220200002222200002220220022022020000202220002020222002200200200200222222022002200220202222200022222200222000020000002022202222200200202200202200002022000000002000220002200202220000222020002020222020202222020020
20000022200222020022222020220222220202200022002220000020200002220222200022202000220202202200020220200200200222222022202000022200020220000020000200200202220200020220000222000200020020000020002000200220022200022000202002020200
22002200000000200002020200002200202000020002002020020000002002000022020020200202000022200000020000022222000200222202000202020002220002202022222222000200200202022020200200022220200220202202000200000222222202022020022000200002
00200200000220220022022020222020002200022002202020020202222220200222002202022222202020200020200000020020200222220002222202220202002202202002020222000020222222202000200020220022222022022220202200222200002222222222202202002000
02022200220200222200020000220222200002002000220200202022200000002002220202202020202000022002220020000022202002022020220020202220222200002220002222220020020200200002002220020200222202022020200020220202220002220200200222020022
20220000020022020220202200002002022222002200020202200200022220202002202220220000220202222220202220000022202220222002022220000220220002022002000000000022000202020202202200002200002200020200200202022202200020022220022022200202
22202202200220202022202220000222022022222022000020222020020022022222022200002220200222022202220202000202220000202202202000200020022220222220000200022002020220200022000220220022200022222200022022000200022220000022002000202000
