64
2000000202222002000222002002022220202202202002000200
2022222200220022000200220202200000022020202220022222
0002020022020200020002000000220222002220222000022000
2020200202222202202020020022200202200022022020222222
2220022202000202002000000000020022220222202202000202
0020020020222002002222020020220222020202220020022022
0200222222220020020222222200220220202002022202220222
0002222202002220202002000222022002022020222202020202
0200002200202220222020002000020220020020200000002000
0002202200000200000002022000002020200020200020020220
0202202200200200222002202022022222000222020200002222
2222022200002002220022002220222222020022020200000002
2020000002200222000000000200020202022220002202020200
2000220202002002000222000022220002000202200202000220
2000000200022002222000022222000222200022220220020202
0020200020222202200000202020002000002220220000222022
2020222220002222002000220000000220020000000220002000
2022222000220222200002220200020000222000200200222200
2020000000200020200220000000020220000202202222200202
0220000000200002000220020020002220220222200222220022
0222022202222002220022200220002200022200000020222002
2220022002000202000002220020220200202202000020000220
0000000002002022022200002002020202202200222022022022
2002020020020002022002022222020020002002002200020220
2022202022202020202220020002222022222020200202022222
2200220000220000200020200000200202000222200200202222
0200020000022002020020002020220200000002220220222200
2202000202000000022202000002002000220200200202200222
2022222000200002220022000202200020000002020002202222
2222002222022020202222220000000202002200200022022220
0200222020202002000020202200220220020220200220020000
0202202020002020222002000020020000200220000000200220
2002020000020202022220020220200202222020200002000222
2222202002002002022000020202002002020020220022022000
0022000022222000020022220002202000220000020020220200
2000022222020020222220220022002222002200000002222220
0022220002200220020202000222202202022222002222200220
0202000022222002002222002020002002000202200002200222
2000022002202020000020002222020220022220220022202222
2200200002200002020202220220020020000020022002022000
2022000222022222022220002002000020222202220200000222
0020200022022020002002020022220022202022202220200200
2202022220022220002020220220202002020200220200220000
0022222200002202020200000000202220022020200020202200
2020222200000022000022222200220202220002222000000220
0222220000202002002220202000000200002220220002202022
0202200020020000220220020202202022220220222000022000
2200202002200200000020200222022002220002020200000220
2200000202202222022220000220202020020220000222000000
2002002222222220020000222202220200222202022202020020
0220220200222022022020222022020000200002002000000022
2200202022002022200202022000000220200200020020002202
2000200020022220220020220220200202220202000002222202
0222002200222202200200202222200002200002020020022000
2220020200200000022222222022202000202000222002200020
0000000020222020202002222222002200200222002000202200
0202002222020200222022022020000022022022000200220002
0020200200020222000220222200220202200200202000022222
0020000002222200202200022202220002202220020022200000
0002000220222222022002000022002200220222022020000200
0202222020002220000202202200000020002202020000022202
0200202202022000222020020222020200022000000022020220
2002002222220002000022022022022002200222002002200022
0020222000200222222222000222002000022220200222220220
