243
02002220000220020000222002020220022200002222222020022002200222000220000022000222222022002002220020022222020000000002222222000220220202000222002020000200220002220220200000222200220000020222002200202222002002200000222
22022020002002022200220200022022002200202022022020200020022000000200200202020002000200002000002220020220000000000020202000000202002000002200022000002222020022202222000200222200222002000020222020002200222200222222200
00202020022222202222020200222202020222000020202022202022220200022002200000022200020220022202022002200022002200002000222002000002020020000022222020002000000000200022020022200202220220022220202002002202020200020200202
02002002000000220000222200220220200200202020022002202220222222022222000000020222220220222202222220222200220200222000000020022020020202002020002220000020220002002222202020022222020220220220020202002220222200202020022
00222220222200000002002202222222222000000022022002022002000202022022222022020220000222202022202200000000002020002002020022200000000220020002020000020000022020222200202020202220200002202000222220002020220002220000020
22002000020000220220022000020002000020020200022220000200002200222202000022000222000202000020000202200020220002222022202000002222020020000220000200002000000002200200022200002022000202220220202202202220220222022002022
20200000222200022002022200022022220000022202222002200222022022222020000222020020202220022002202200200200202200020200222220022202022020202000220220200020002200222000022000000020020022022220002220202002002220202200020
22002020200020020222000022000200220202020202002222222002200220002022202000202222200220200020022002200200200020002220022220000222202220200002220200002022222022000202002020200022022200202220002200200220222002020002002
22002000202002222220200002200000022000222000000002020002002022002020000020202000020220200222202022202022002202220220220002002220222220002000002020022000022222002200222002020222202200202222002202020002022002002200000
00222020220222002200020200002202200022020222222220020222222020000220002200022002020202220000202222220200200200022222002220020022200002000220002222200022000220022022202202020202000022202022220200220002222200220202222
02220022222220220222222002020220222200022202000220000200220222002000202222002022220020022222002020222222022202202200022202000220020202220002220200000022002020200022020222002020022220002022200000022020020020220200222
22022022020000202000000000200000220220202022022002202200202000020022000022222222002020200000020222200220220000202022222200000002020022000222222222220002222000002002200000002200202000022200020002202220220002220220020
22202220000020220020222000200202200202022002202222022002020000222020200220202200000220022200020202002220000020222020220022022022202000222200220220022022000002202200000200222022202002220020022222200202020002002222220
22002020200000202022020000000222200000202022022200202222200220020022000022022002202000022000200020202202220022020022002222222002202200202222200220220002222202002200200200020220000020200000020200222002022202022200002
02022022222022202202020022222202202000200222200202220220002000002022220002200002002022000020200022022002220200220000200220002020200000222222020222002202022220020002200200222222222020220220022002202020022202000022020
22000220220222222202022000200000000222000200000202002000202000002022020202000000022220022000202202200200222202200000022020222000022202202002020002200020000000002000020220200022022002022222222222222020200220022020022
20020022202220200002220202202222202200000022202002000022220222202020022002222220002200022222222220000000200222222022000220022002000220202222000002200022200220020222000200222200200022220220000222022022020002220222000
22202002020200202220002200222002200220002002000200022020222202200200022020002000222022020202022202020222202002200022002220002020220220202020002020000202200020022202222202222000202200002200200222202002020202222202202
20000200220000002222200022200022222200002022020022222020002202020000202200022202202020222202220200220020002220202202002000222022020020222022020020000222220200002220020002002220220020202200022022222202020220220020220
22202002202222000000222222002002220002200200022220002200002000022020202000202020220000202202000200002202200222200002022002022222002222002200020022220022202022022200222202222000022200222202000200002200222222222202020
22020222222002220200000222220222020222222000220000022020022200020200022220220222002222222000022002222000222200200222002020220222202022000000202222222020220220202200222022220020202020200000220200220000000202220002000
00200020020002202020022022222002222002202202220220000022002020222200022222020220000000200202000220202202002000002220202000000220222002220200000202020022002222002222000220000200022200202200222000020022002200000022220
00222222220222222002000202222000002000200022022220002000022022022222000222222022200202022202200202020200000220000220002000000202000202002000022222022202222202222020000200022220020002002002002020220202022220022020202
02022020200022200022022222200020200200220022002020020202020022022220202000220222220020222022002000022202220220202220200220022000220002222022002002020202220002222222220220020202220000020022220000200002220002220202002
22020022220202200200020222222002022200000220022220022222220200000020022022222202020200220222020202020000200220002000020002002202020002222220020022002000000202202022002020220222020002002200022200220022220020000200000
02222202202222000200200020020022200220220222000020220020202000000202020200200002020200220022202002002202020202022200202200222020022200220202020022000020020022200220020220002220000000000000022000000222222022200022220
20020200022002200002222220200220222202222202000000022200220222220002222222200202202000220200022200022220200220000220020020222222000002200200020222020200000200002022202222200220220020022022020202200002002002200202002
02220022002000022020002220202200202220220200200002222202000202202220220022222200000000022220002222002022020200002220220000002022000000022222002000200002022002202222000222000220200022222202200202220200200022200000202
20000022000020022020200020200000020200200022200202220200002000222002200222202200200220220200022220022022002222020000002020222000222000022022200020022220022022220000202222020220222022000020000020202000220200002020000
02202202202022222222222002020220020002220200200000000202222022022202222022222000022220220002200200202002002202222220220220222022200222020200202020000222202202202020222220020202202020000000200022000222200220222000000
02020220020020200022022020200220000200222220022022002002200020202222000002022222200200200222000020220022202020022200222220202000002002020200020002000000220002202202202220020000022222202022202222202222200222222220200
22200002002202020020002020022000200000220202000022022202020020222220002200202002020202022202220222202000022020202200000202222220020202002022000020222220022022222020002222220000200000002002002020022002200000220202202
02000222220000000002020002022202022022020022020020202000220222022020222000220202202222220222220200020220002220222000020222222000222222222222202202000020202200220200222202222020200020220020000020020200002220020022022
00202222022002222202202200002020000020222200222200002020002202022002022222220222022002002000020022200222202020000202200022220220020002002002222002002202020202220220222200002220000020220222222022200002022002002000200
22220022000202000202200000220022002022000002002002022200220202200020202020200200200222202222202022200202200022022202000000222220002222200200022200022222002220022000202002000000202020202222022202202200200022022002200
22000220022202020220002202222002200020222222020022000200200000202220220022220000022020202202020000202220202220000000220202000020002000202202200202222000200000202002222202200200220202200000022202022002200002020222202
22200020022000202220200002202022000200022222000002222022000222020002200020020222220220022022002220022220202220200202202200222222000200202200020222022202000200220200200222200000002202200220202002000222022202220200022
00220202222002022002220222022022220022020200002002022022202200020220200002222220022200000202220020000002000220202020220020220020022022220002202202000002200220002222200020002000202200002222222202020020220000000200000
02002222220200020222002222002000220020200022020020220200000202000200002220002022202200202220020020002220200002000020022002222000002002220202000020020220202222020222220202020020020222022220022200220022020000002000200
00200220222022000002200002222020020202202220202020022020002202020000200202020000202220202222002222200022020000022222022002020022022000000200202220222000002020220002002002202220022220220020202220222220220220202000220
00222020020222202220022200202220202202022000202000220220200222020000200200022202020000200202220200222220220000220020002200022002222202202002002220022020222002000002220222220002022200200020222220022220200020020002200
00202220000222202202022202022220202202002000000200220222000022002200000222002220222022200002220222002202000000000202222222002020020222022200020222200222202200200220002202200220222002022002222000022202002022220222022
22002220022220200022002000222022020222022022220020202002022002022022202202020220000200022222000000222200002002200002220000202222200200202220220022022022222022000222200022202020200020022202000022222200002220220020002
00200022222022022200222000022022200200220200220222020200002020022020000002202020200222000020000020220022022020222220000000020200200020022200220200002002020200222002220220200000020000002002000222202002022000002002002
00022002002220020220220222200202200202200002222202202020202202222200020200002222222220000000020222002000200022222022002002220000020222222220022022020000222022002022000202022200220020000222002002202220202020222200020
00200002202222202020222000022000020222000220200222202220020222000002022020020022022200002202020022002020220220202222002222000000200222020222220000202220022200002022220220222220222200222202020020200220022220222000222
22022002020000202022002022002200220000220220020222000202000000020002000000000202220000022000020002020000222000002220202022202222220200020222002220022202222200202022200220222000020222220002200222000000022002000200020
02002002222000220022002000002022000220220222222000000022202200020220220020000022022002220222200200000000020022222002202202000020020000202200200202202222022222200220222200202002202000000200002222020202020200020220000
02202200222220202200002202202000202000222220222020202000222202220002222000000202220202202022202022222202222220000002200222002002000220200202002002000220222200002222020220220220002222200022020020022220200020200022220
00220220200020220000020002200222200200000022000002022222202202000002000220202200020020022202220202022000220222002022020200020202222200222222000020222002220022200222022022220222002222220000200002220200220202220022200
22000022022200002222222002222220200000000002000000222000202220220200000020202220022200020200202220202220222022022202000022202022002202222220220220220200202000220022220002002000222022200220220222202222202200000000002
22020002000000002202222000002220220222000222222222220200020002000002022220202000200200000200020202022202000002020200220002002202000020200220200222022200200202022220000022202020202002202020222220200022220000020000002
00220202002020022000202002200022002202202000002200002202202020022000220222220002022020002220220220202002202020202222020222202202020002200022000202020202002222002200202020222000200222200222200002200020022022022002022
22000220200022020000202002220022220000002022020202020222222020220002220220002022020202020200220020002220222202222022200002002020002200200020222220002202002200202222202000220220220000022022200220200020002200022020002
20202220222020202022020220200002202000020020222202022222220002220022222002200022222222000022000002022222000200222222020202002222202002200202000022000000202222222220222022002022202220220200222000220202222000000000200
20002020022002022000022000202220020222000220202202220220222220000200220022002020002022222022200200002020202220202000000002222020022022022022020002002222220220002020000220022200002022220022020020020002000000200022002
00020222020220222222222202000020202220000020000202222000000000200022022200000022222220002000020222002222022000020002002002022020222200222022002022022002222022022020202222022000002220202222020202020220220002200022020
20220000020202002200000202020000002202022022000020002222000000222220022220222002020022022002002022000020000200202200000022002220022220000200220200022000002020222222022000022202020202020222200022020220202002220202000
22202002222200002200200220222200000020022022202002000000200020022022020000002022002202220002202002020020002222020202022002220202020222220222002202202220000000222020000222020000202200002022000202220200020020020202202
22022200200022000220220220020020202220020002200022002220220000000220020220222202200202020000200200022202000002200000002222002020200200202220200020200000222000022222222202220022022020000220020022022222000220222020020
20200222020222000222200200020222200002002000020020002220020020022020220200020202202222220222200222002200202200222222020222222220200220022222020200202200222020222220200022222220222200000220200020202202202020020000222
00222022222002002202202220220020020222222020020022200200220022220200202220020220200200000200200202022022000020002002000222220200222222220222222222020000000020002000002020022220002222202022002220002200200222022222002
20000022220002222202000022022202220202020200000222020020002022002022200202200020022200202200022002202002002220202020200022020202020202020020022022020222202002020002222000002022020000022200022202020220020022020200222
20222000220220000202000000022202002000220222022222222022000200000022022202202000002202002222202220022022220220220220020222202000020000200022202202002220020022222200220200002002220000020000200222222000022000000022220
02202022202200002222220200220020202200222020020000220022020200220222020002002202002022202000202002200220002002020220022020002000002200220202220202220202202200020200220000000020220200220222222202020220202202200200002
00020002002000000202022222222220220002222200202222020020002222000220022022002020020220200022202022200222000222202022220022002222020202222222000000020220202222222022000020202220000220020022220000200020022202202220202
20022200022200200220020222222200200220002002222202202202022220022202022000222022022222220202202220222200222002220222022200000002022022000020002202020220000202220020020000000222222020020020202020000222020000000200022
20220200200222022022200200002200000222222000002002000222000202000000000222222020220020022200022200220200022202202222202200222022222200222000002222020002000222222220002022200000222022022200000022000022202002022222220
00002002000000002022022002220222022000020220222000022222002000002200220200220200022200220022002200222200200220002002002020022220202022002002000020020020002200002022200200002220022020000000000222020000022202222002220
02200222022002202002200020020000202020200202202220000200202202202002020220020222002222202200220202202000200222022000020220000220020020200022020200022020222020220022022200200220200022022020202222022202022002220000200
22020020000220002022202000020222000200000200000220200002020000200220220220202222022000020002200222000200202202200220020002002000200002220200222000020222020202202200202002002200002202200022020020202000202202002022000
00002200020000020000222000202000202002202200000220020002002202202000022022222022022202000220220000022020200202000020200200020220202220000002200000022000202000202022200220020220022022000020000020202202202222020020020
02202202000222200002220002022022022220222022002220000200020200020000222020202000220202200202222202022200020002220002222002022200200220022200020000222000022222222220020020000222220020000020222202202202220202002222220
22002000222222220222222220220020220202222222022020200200020002222002022202002202002220022200222200022222020000222020222022200220222002220022200002222200202020202222202022002200002222022222022200222020222220002000222
02020202222202220220022000200020222200222200022020022220220200002220220020022020200022202022000000220202222220200200020020022222200022202222022202022200020200200200202000202000022202020020022022000000020202020020202
02000022020002020222000222222200222220200220220022020200200022020000002002020002000200220200222202020220220222220222022002222000020000020002002022202002200220222222222200000000202022222000220220200202022022200222220
20220020202020200222000002200000020200220022202220220002002202202220200022022220002022020022220020200000022202022202220000200000222002022222220202202020220220220222202200220002000020002000022020222000202020002222220
22200022220200220002002002020002020202202002222202022220202202002020022022220020220022022220202022020200000200022220022022200000000202220200002000202022220220002002002020200000202020022200220220002220200020200002220
00000002022200020220222222000002202000022202222000220220222220020220020020002002000000002000202020202022022220002222020000020000020222222202202002022202202222200200022222200202000220002202020202222200222002220222200
02020200022200220200020002022000220002020222200220020022202220202222222222020200022020220200020000222202202222002220200020002002022020202220200202020002220220220222000002220002022022222020020200220222000022022200202
02020222020202222222022022002000022020022000200220022202200222002222222020220222222022022200002200220002222002000002220002222002220022022222022222220220020202002200202002222020202200002222000202022200002202002000222
00000002002202020002020222220000222222020200200222020220022200020002000000022222022202202000220022002222220220220220000222020222022022220202020002200200002002000020002202220200222202200022022222202222002000202220222
22020020022020200202002202200222022220200202020022222220200002220020020020220220000222022000202200020020002020022020220000022000202220222222200020020202002220020202020000202220000220022202200200002020220220200220000
00020220222202200020202200002002022022202220020202200220220022022220020000000222000002020202000222000220222002002000202020000222222202000220002200000002222000222222020220220220002220000200202222000000202022200002202
00220022022022220220220222022002002200022202022022220020002002022202200200220022002002000220000000202000220220000002200200202200202202000000202200000202222020200000020000222020002020022002022202002002002020220020200
02020020002202002020200202022200020222020002000020020200022020000002022202222220222222002200002020020002222002000002220022000220022002002202000002220000222200200200022202222002000200022000202222000022002002000200000
00002000220222220222202000200200020220220022000200222002002220200222220000222222220202220020222202220200020200202202022222220202222220220002002000020002220222222202020202200220002020222022020202220222200002202220022
20020020020022222000020020200020002000000002200222220020002002020002222020222222000002000220020222020220022202022222220220220200020002002220022000220022020222200220202020220022020222022200002222200020202202022000000
00000222020222002220002200200202000022200202200222000200202202220222220002220220222220020000200022200200200200200002022202000202220202022022220220222200202200020020002222220002022002002020020222022022000000220000220
22220002222022020020022202200000220020200200222202022000000222222200022020200222002020002202220020200202200022202002222000002222000200000000220000020020020222020222000200200022000220200220022202220020202020202022002
02220002000020002022002220020000202200022222020200000020220000020222222202202000200022222202222202000000000202200022020202202222222200000000202200022200200200200202022020200200200220020220202020202020220002022002002
20000002022200022200002020002002000222202000222002222200002002220222200022200000220202220022200022000022202002222200002000022022022002000022222002200022200200002222022220002222222022200022020222220222202220002020222
22202000220202000000002000002020222000020000000022202222222200002220200200220022000000202022020002202220222200002022222202002200022202000220000220222020202020002222200022222020220022000200200222020020000020202022002
02020002220000222220020002020202020022020002002200220020000000022000222000200000020220222002020200220000022022200222002020020002202202022202222022200220000002202002222020000020200022020022020200200202222020220022202
20200220200000002222220222222200020020200220022000222022022220202020200000222002020000200002222000002000020022002000002020202202000022022000220202220200002202222220020000020200002020202002020022200022222220202220002
22222020220002022222202202222220220222022022200000220202200020202022222222220020022002020202022022002020020202202000020220220000020020202222200200220020022000000222222222022222022002202020202022202200002022020200220
00002000220020200022002020222222022002202022020200222222200202000020220200222002220200220002020200200020222022200222220202200020022222220222200002000022220000200220220000220200202020200020000002202000022000000020020
20200222222022202220222202202000222022200020200000002002002020002022002220222202002222022022022222200002020202220202000020220020220200220002220020220000002022022222220022000202202222000200002220200200200222000002002
02000200200202022002220000002200020020022020222022002220202200020200020000202022000200222002020202002000000202020020220200202020202000202202022000022220200022020002002002222000222000202200220000222220002022002222200
02200202020000200220002020020220202000200200200222220222220200020220002022000022202220022222022022200220022020020002022022000000022220002002002000002222222222200002002220000202020202020000000200000220202000020002002
00002000222202200202222200000220000200020220222222000202022000000022022022000002222220000200022000222202022220022222200222222202200002020022002022202202022022220200222222200222000002020022222000020002022202002202222
00202000222200202020002222002020202220220200220000002222022022020000002222020020022022020022202000220022000202220220220000000202020002002202202220002002000220002020220002022000022202020222022222002200000022222202022
00022220220020000200200000200200222002220202022202202202222000020022222020000002200022022022000220220022020022022000000222220020202202200200202222202202202220000022002020222200202220220002002022000202022002200022220
02000002202002220202222200200222220002222020222020200022200020002220200222000002022022202022022000002002000002222000002020022002220202002200200022022220200202202020002020020222022022022222020202200022002202000200200
00200000220222022200200222200002222222020002022000200002200222200000222022002022220020000222220200020202002002202022022202200022222002022022222220022222222222200022002022022200020002220222222202200022002022000220200
20202000222202202020022022002022022222222022220002200220022022002220222200020022020020220202020200222222220202002202222022022022020220020002002020220220022020002022202222200000000222022202202222200002222200000202202
02020002222200022002202002002202200022022002022000000200220020000022202022022202020220200002220000220022002220020220200220200020222200022020002202002000002202000220000200000000202220200022222022202020222222200000222
02222000002022220002200002020202222222020202020002202020202022200202220000020020222202200202020022202002202220202020202022222002202220000020202222022220022002200002222202020022220022022220020000202020020220020202200
22222220020220000220020020002022020220220000200222202202200222002200220200200002202202022022002200020220202020002220220022222222220200020220220200200222202020222000222022220020000220200222000200200002222002202000002
00022202020222202202202222002200002000222000000220020000200200200200220020202002220022002222000220200020200200222220202022022002022020220000202202220002200020220000220000222002200020222000220002200220002220000202020
20020200220022020222000222020222002202202020020200222202002202222202002002222022222000220222020202020220222000200000000022020022022002220002002200022220022222220200200222020020000020200222202020220002022000000020222
20222022000020002200022000022220002022002202200000020222200020202022022202000022202002202000220020220200022020002020220020200022200020002020222000220022202002200200022000200022002022220200202202222220000222022020020
20220000200000222022200000220202000202220202000200022222220022222022220022220000220000020020222222200220002020222022000222200022002200000002200000022022002000022200202202020022202202000202000200020220000222202222200
22200022002220000022220200002222202202220022002220002022222200220000222220022222202020200022200200220200020020220022022200020222000220222202020200220200002222200202220220020020200202000202200220002202002022022202220
22002002022002002220200200020002020202202000222020222020202202022000222020200002002000200220222022020222022020020002000002022220202022220202200222202200002220220200000020200220220200222002222020000220220002202022222
00200202022222220222002002222200022022200222202020022202002202000000022000000020220020222222002002002222200002022222002002202222200022202222020220222020220000000000200202000002020202000002220220220022220020222222220
00002020200222222222222000202222022202002200002202200020222202200202020000200220202202000200222222202022022000200002220002220222222220002200020020200222002220002222220220220020000002220000200220220222000202022022022
22220002220022002020002020220202002200022220002202200220222022022022020200220000002222022222020220002022200202020002002022202220222220200200000020020222000202220002220200022000002020022002220200202000200000220200220
22220002022020222022002002200002222200000222200200002022200202200222002200000002020022022000002022202022002020000200220202200202022000222022202022022000020202200202200220220000200022000222022002202020220200200002220
00220220020000002200220000200022000020002222200002220200000222202002020200022220220000022020200020020022000220202000000022200220222220220202002020020002220202020020020202220202020002222200020220222202202020020002002
00222202202202222002002000202220000000220020222002000000222222222222222220002220002022222022202002202200222222220200200220200020020200222200222002200022020020200022202222000202022202022020222022202200002002222200000
02020220202202020222222200020220020220000222200200202220020202222022020222020222020222000200222202020022222000022002020002200002222000202020220220000202022022220222202002200000200222220200000220220022200220000020200
20222022222222020222002220200000000220022000222220222222202200002000020002202202202002022222020200020220000000202200202002220222222220222022002020200000002020202202222022220222220002000020000022002202022022200000022
02202200022200002222202000222000020000022000002200022002200000220002022220202202000222202222220020022000200002222222022022202202220022002000000202200000020202220002002002202222000222020020000002220020222222002202220
00022000200022222002020202220020202222222200020200022202202222000220002220020220220020202222000222000022222202220022022020000002220220222002020002202000002220202020202220202200202202000022220020220000022202220002200
00000002000000200002000000202020020220002002222222200000020002220002002002200020002200202222002000222020202002020222202222220200002000000200000200200002222022202220002020200222002200200222202022022022202220022222002
02000202222002200002020020020000202020002202000220220200222220002020022002222020202202200002000202220020202020220002020202202000220220000000222202200020222000000220200020022222020200222200020022222222020020200000220
20220220220002000022002022220002002002022002022220220002020022220020000002022020200022202002202002002220222020002220022000002000000202220200200220200200202020022000202022222020000000002020002022220022222000200002200
20220222202200020000202022220200000222202202220022220000020002202002002200000200022020220020220002222002200000002220222000220200220200022020200020202020000022222200222202220222200000020002220220202220222200002200002
20220002202220200220200202000200022000000000220220020220020222000022002022000020202022202202202220200020220202200000200020202000222000202022000020220222200220000002200200020020220200220200020000000020200002222220000
22022022222200220022222002202200020022200022020222002002000002222202020220202202002220222220022020002220220200202200020200222222200000220000200222222000222000220002202200202220022000202022202200022002002022202200020
00022222202200020200220020000000200222000222220202202202202020000020200220020222202202222200020220220220200002022002222220022200200200220222022022200000202020020002202202022020220202002000022022022002020220020202000
02002022202000000002020022000020202220220220020020022002220000020002000020202020222002222000222220200022022022002202000020200000202222222200022222020202020000222202200020202000022020022222000222200002000000222022200
02202022222200222200020200000020202222202222022000022000022002002222020222220200000002000022222020022002222002200202200022022200222200022020022220222222200020020220220222202000022222220200220020202200000220000000202
00220200202220022200000022002022222202200002020022000020002222220220202200002200220002202020000022020200202000020002200000022202000000222220020000000200022022220200220000002222220222020000202202002002022002000020200
02222022002002200220222022202202002200222220200020202000000002200002020022200222220222000000202200222202202002220000022000222002220002020000222202220200222202002222200220220222202220202000222222020002222002022202220
20022202000000222202020020000200202200200200022200200222020220020002200202000220202200222220002202222020220000020000002200222220200022200022022002200202022222022222200220020022000022022220020220000022000022200220002
20220220000022202000202222020022000000002020000202222020000000202200222022022220222000002200020022020020020200022000002020202020220202202000022200000202220220220000200200220220202000002220202000200002002220222000202
22202020222202020020200222000022200200002220000020220200020022220002022200002000022002200022220220220220022022220220002200000022002022202022220000220220022000022002000220020222202222222220000200020022202000220220200
00200220200220020022022202200202000222002022020002020002220000020202200220202000002002000000200222002020002220020220222222022000200002222002222020200020002022220200202000022220000000002022022202202222200200222222200
20222220000220022000220200022022200020002020222000222000220020020220220200020220222200202022202222020200222202202000000000000202202200002202002222200000000200220222022020022020002222222222202202220000020222220220000
02020022022020222200000022222002200200202200202202222020220220222202222000002222002220202000202202022000000020202200222220220000000000220002222022222000000020220002002222002220200022022002020020020200002200202002220
02202000020222020020222222002000022000002002020200222002222200200022002022000200222000220020022222202000002220022022020000000202222022222000002220222220220020222002200020022220220202222222022002002020020022022020202
02220202000020020020002020002222222200220022002000220200220022020202002020022020022020202200222222200220202202000202000022020022002022002022202022202202202022000220220220020202200222020200020000022200220222002200222
00202002022200002000000022200022022200220022202222220002200220000000200200202220222022200222022020000222020002200000200022222022202022022200200202220020020220222202020202022000022020200222020000002202000220220000020
02200202000020222002220222000022202000022002220220220020022222220222022222222022022202202002200002222002020022200222202200020202002020202200220002220002200200022020220020020002002022000200002222020022022200202002022
02000000002020000002202202222020200000200020202020000022220200220220220202220200200202002002002000200222000222022222200202022000200222200020202000022202202022002200002022020220022000002022222022002022000220000222220
22000002002200000000202000002202202002000000002222220200220000000220200200020022200022022020222020220222200202000002022020222220022020000200020000000220202022000020222020002222220020200202020022202022000022020002220
02222202022002202020202000220022200200020222200220222220202222202202022200220220200202000022022202002022222202022022200000002200022200000200202000222000220002002000222220220000200022022000000202020022202000022222020
22200222200002000202020222202002222022022222202222020022202022220022022202020002000022220202002222200222022202002002202020002000020002222202220000200020020200000022022002220202022202000022022200202020222200202202000
02022002020020000202002202200220020022000020002200222220000000200202222200200000020202020200020222200222200020200022200002222020220002002202200220222020200200222000020200022222000222200200200020000022000220202202022
02020020200202022202000222022202022020202222020202000022020220002020020020002022222002222020200222200002200020202002002022220000200020002000002220200000000022000000202220020202002022200020202020202020200020202200202
20220220020200000022020200220220200222022220002222002002022020200000220222020202022220200200000220220220020220002000002002202200022200220002002200020202222202000200022020222200002200020020000200002022222000022220200
22220220020200002202200222020020022022020202202000020220200220000220200022000022220200202202202202200020000222002022022022220020202222202202200220200022200020022000022000202000200200200222202022200220222200200220002
00200000000220002020002200022222222020220000222020220220022020020202220002222022020020002020000000002002022202200220220202002002020222200022220222002022022222202000202222222200200002002020022200022002202000220022000
20222220222220002200222220002220022022022200202200222020202022200202020020022220000200200220202000222222202000020200002002200200202022000020220200220020200020000222022200002022200020202022202022022220220200202002020
02000222022002222202002000022200202200000022202222220200202222200022220020022202022202020002020200202200220200220002200200000002220002002000022220200000220200022222020000202002020222002200200222000002222202202002022
22220202200000222000022200002220000022020222220202222002002022022020220020202002202202002000222002022202202220222200222222022022202220200000200222202200200020200220202222222202002002200222022222200020220000202020020
20200000222202220202202000202202202202020022202020022020000222200022222220222220020020000222220020222022222202202200200000020020002002200000022202200022200200022220222022022020200020202002022222200220222220002000022
20220000202202000020000022000002202202020202000022200222220020200222000222002000002222202202202220002222002020222000002200002222000000002222022202020000220000202002220200020202202000002200202222002020022020020000220
22222020222220202022222202000002202020220020022222202000220200202002022222200020000020002220202202222020222002220022200002220202020002022022000202220020202020220202220202020000202222002000220022202020202000202202022
22002000222202222002000002202000022220200002222202020222202202020202200000220200000020222020220200000200200022002000220000220202220222002202220020020220022200022220022002200002222220000002200202000220022200022000022
20200022002002022002000020000020222200020202002020202202222220020202222222020202220002000022000020222000002202202200220220200000020200000202222220022002200002220202000222200002202222200222222020000220020000000220020
02220022200022222200022020002000222222000202020000022000002202222202202000200022220000022022202022222220022000000022222220002022002220222002000020220202002200200000002022220002000000222220200000222222202002000022222
02222222220002202200200220022002000220200022000222202022020222200222200200000222222200020202020020022022002200002200220000002022220222002222220022020220220020002222000200002020200020200222200200020002020000020000222
00000202220220022000020222002202220202022200220200022002220020222220020000020000002202020000222220220202000220200022220220002002022200000200020222222000022202022002000200202020222202202022022222000022222220220200220
22020200000222200022220000200020000222020220002000000000022020022002002200000202020222202202220020020202220220022202020020202002222220202000222220022022220220202200002222220000200000202000000002220020020200002020200
20020202022222220020202202220202202202202020202002222222000020220200022220202220022202202222020202202000022222202200000020202022002220200200202200002220222000022020222002222200202022022022002220222022002020020200202
02200000222200220220222222022002220200022222202222000022222200222002000020202020000220220222200220022220200000222020002020022222000222220200222022220200200002222222220202020202020222020220000000222000222000002202222
00202202200000222222022022020200200222002202220000002202020020200220000022020020222200022002022000022000002000222000200002202200200020022002222222200202000020022000022022202222222020002022202202222220002200222022202
00022202222220000020220020200000022222202002222000002220202022022220200000200000222000220202020222220222022020222002222200002000222200222002222002220022000222022002020022200002002202202220020200002200220222202220200
00020200020220222202020020020200222222222020200020220202220202222020000200220000220220202000002220220200202020200020020020002000000022222222222222200222020200222200220020020022202220002222002222222202222200222022220
20000022220002020202222200000000222202220020002202202220200222220020002020202020200200002222220202222200002002022200200202200000000200002220202200202222000202020202220200022222002020022022200020022200220222022022020
02202220000200020202222200220020000202000000002202202020002220002222020002220202200022200002222022020222200022022200200200002220200220020200200000222222002220222002222020200200220020022222220200222220220002022022220
00020200220220000222000022002200220220222002222200000200200202220200222020022222022220202020222200022220202220202200000222222022220022002002200002002222220022200020222202000020202222222222220202002222202002200200020
02022220022020220022200222202000222200002000002020020002020222002220022002002222020020022222002202000002022222000022202200202222202200002022222220002202222220002022200220020000020222222202220020222022020022220200000
20202220200002022022202000222000020202222022200222000222020022022202220220000220000202222220200222222202202002202022020022222220022000022020200020200222222022000020022200020002020200200002200000222220020022000002202
02000020200222020002000000000220002000222200200202022020222202020022000000002022002200000002002202022020220220222002002000002200002220020202022022020022200002022200222022220022222022220202200222022022022220002002002
22220000202020022200000000002020022020222002000200202002020202220020020022200000000220222022220000002020022022222000020000200000220200222022222000200002220222222222200200020000220220000202222220020202000020200220020
02200200220200200200000022002002022000022202220220022222220202200220020222222202022220222222220220220200222000202002200202002000200202002202202200002202022202000022022222202022222002222002020222200000000222200220200
00220000222202202022002020020200022022002022222202200220202002220200222200020022200200002022022202220020202020222000200220022200222222022022002220022022020222020022000002220222220000020000022200002220002002020202220
02202002200222000000200000202002020220020022002000000202220002200022020000222200020022202220020220002220200220020202002022020222002020220202222020202222002000002200020200200202200220220200000022202222000002022222020
00000220200022022202022222202000002202002020222020202000022220000020002002222020222202000002202222202222000220202202202022222222020202202200200220022002220202020022002222002202200222000000202020000000220022000000000
02002022200022200022220200222222200202200022200202020222022200022022220000002220202202200202200002200002222220220022022202000002020202222220002022220002002200000222202020200020002000020202200200022220020200220222202
22222020022200220202022220220220202000200020002200202002220002202222200020222222020200022222200222000222220220022002222202200002022222002020000220200220200000020202000002202222222200022202020202222220200020002000000
20020220200000202200002220002022222222222020020222000022202022200220002000202200220200020022020200020220002200202202000002220200220000022000002000002220000002202222020220220200220020222002222220200002000200022020200
20222022000200220202000200200020002200000200020022222220202020022202000002000002200002202022200020020002002202022200222222020002000002220020220020222200020020020022020220202000002002022200000000200000002200222020022
02202020220002002222000222020002222200022022200200222020022200200002000000202202200222020222200222000200200220220002000200020220200002022002222222220220020020002022002002202202002002022002022220000200222200222000020
20002200202020200222022220020022222020020002202020000022220220002220020200002200222020220222020020020020022002220000220000202002220222202222002000220222022220020220000000000000222002000200202200002202002000002222200
02002220000202020022222200002000020200222000202000222002020200000020000200200002020000222002000220220200002202000202000222222000200020200022220022002200020202000202202222200022200020022020200002202220000202002220002
22202200002202220200222200022222000222220222000000022020222020202220202222220222002020020202002220200200020002020002022222202020220002222002202220200000220200222222000202202202222002200020222022220222220202222000022
20202020202000200022200002000002000002002220200222020202002002222222200020020220200200000022000220002220020220220200222000222200002220022022020200002222220020000020200000020220200000002222002020020020002200200220222
22022202222000202220220202200022020002000020000022022002202020020200220200022220000202022222222202020022022020202222202202220000202022220200002220020020202200220000222022000002200022220202000022222222000000002000020
20000022000200222000220200220202002200220220202200022200002200020202020200200002022202002000002222222202000202002002200202220022020202222022200020022000002020222220020202020002200200002002020000222002022002200202022
20022022220020002202202202020022020000222200000020202002000220000200220220000000022200202202222202200202000022202020002020202200202220220022000002022002222002002220020000002220002000220220220222200020022222002200000
22020020220002200222220020022002222022020222020220000002200222000200002000200200000222202000222000000022200220000220000002002022022202202220222022222022002220020002000022202000200200022222020002022002220220020222220
02022220020000022200222200020022220220202020002202022222202022000000200200220222000002020220202002220222220020020020002022002200222220202020200202022022222202220000022000222200022202220020022202222000000020202022020
22000002002200222202020222002222002220022200002202020222200202020020000222000022002200220000020200000222222220002022200222000000020202200202222002002020222002200022022022000220202200002002002020220000022002020220202
00000200202002022020200222022020000220202002202202022220002220222022200200220002220002020020200200002200222222202020222222000000002020020000022000022000222000222000000020020002220022202220022202220020020000020020002
20222220222000022200200022202202020222220000220020200202220222002202222200022000200222202200202022200002202002200202002220220022200220220000200020202020200220022222220020000200000000202002000002020220020202002202220
02000000222222200020020200222222222222000002002222002020022222202202220020222202002222200220022220200222202022200020220002220222002000000020200002222000020002002002022020000220220002002020022020200000020202222022020
00002200022222200222002000022220220002202000000200020002002002202020222020020022002202200220222220022022022222200222020220002222200200222000000222022000222020202222222022000002222200000222002202022000200220020202002
22020002000220020220220202002220222202202202200020020200220002022202202002002202022222202222202022222000220202222220202002200222220000000202000000202200222020002202200200002202022020202220220202220022202000222020020
00200200202020000022000222200202202220220220002020022022200002002020020200000002000222200220022200002002220000220022200222202020020220200020222022000000022200002220202200202022222020022200022020022200020222002222000
20202002220002020022220200000000200222020202222000202020020222200000222202002002002222220020200020200002222200000222200202000220220022222000020222000002200000020200222020202000002222020022220022022222000220002020002
00022222000200020000000222220022222000222220020220220202002200000220020200022022222000002202220200200222222000202022220022222022202000000020020222000222002000000220220220220000020202000222000200222220022002022020000
20222020020202200222022002020202002220222220002220200000000200200222220020200000020220202000000020222022222222000200222200202020202200020000020020002220200222000220002000002002020020202020000000202200220202020202200
02200222022222222200020222202002222022022222020002000200020222000202222200002202222000202220002022222020202002022222200000220020200200220200000202200200002002220200002202002000202222222200022022220220022222020220020
20022220202000022000200000020222202222020020220202222002022020000202200000022002002222220020022002002000202000202200022222020022202022220022222000220022002200202020202022200002000002200220020202202000222220000200022
20020202220220220000202222020202220020200020200222002220220022000020022022200202222022220002220020222202020002000022002020222000022000222202220222022222022000200000020000222222202200022020200202222000022202002202200
22002202200000220000220222202002200222202220220000020220000022000022020002020222202222002222202022202000000002000222000022222202202202002022222022220220000200200000022020002020002220200022022002220220022000202222220
00202222022220220020002000022000200200020002202002020000002000002222220202022222002222002020222200022000202220220222202020222002220220200000022222202022022202020022000000002022222002220022020200200222002222022000222
20200220220022220020202202002022222022200022200002202000222202222222200000202022220022220020220000202202222020222002220222020200222222022002202022002222000000022002220202220000200220200000000000220002202002222020002
02000202200202222000200000022002002022202222000200222022202222000202200022222202002022202202000202000222220020222202002220222200020220222202220022220222000222020222202020002002220200002200022202022022202222222220200
20200222200200202002000220220002002020220002002222002002200002002220022222000222220022222220202000220220200002202202020222022222020022220000000220220200222002200022002022220200000220222220220000222200000022222000002
20000002222220020022220220200200220202020000000020022200200000200200200220002202022002000000202022000020202002020020202020202200200200022022202002002020220020020200220000200222222222222000200202002220020002220002222
00202222200022200220202022222000002020022202000222202222222000000220220002022020222222222002202220200202020002022022220220220222002002200000220200222002222220000202002020220000002020200202000200002020002222022220202
02000200022220020002220020022000220222020020220220220022020022002002200220222020222220002202020002222002002222222200000020020000002220220000002222022020200000220020022000222000020000202002000200000202220202222222020
00002020200220000202202020200000220002002022022000222020020002222220020020020020000202222202220022020222220222000002202000222202020220200222002000000000002222222002020022002002022202200202002220000022020200000200020
00220220022202002200202002002002222200202000220220202000022000020022200022002200220000002222000020222020220002020200020202220000020022020000220220220020220220002022020220220202020200222200002200020202000002222000022
02000202220002200020002202000220200002002002202220002020200002220020000002022002002202202002002220220022000220200220020002022220200200222022002222220202020020000020220022200220020202222022022200020022202200002202000
20000002000002202222022222020222202200000202200220000220022022020200202202002220202000222000222020020002222002000220202202020020220202220222202002222202000220220200200200020220220200222202002220022202220000222022002
00000020002020200000000222202002222222220002002200200222022020200202220200022022000200022202200202220200200202202002222020000002020022020222000202200002020022200002220220000020020020022022022002002200000000002222002
00022200020022202020002220022020000222222020222002202222222202000002200020220000000002020202222202222000022000222202002202022202002202020000000022202022222022222220220002020022222020200022000222002020022220202022000
20222202220022002202220202200000222002000002200000200200002222020200220220202222000020000000202222020000222202200222000200202002222202022200020022002020020222220022002220202020202222000220000000202020000002022000020
02220022020222202220020022200200202220202000022222002200220002022002002202200022220200200000020202002022020220002222202022000002020200022200002222220200002002222022020022002020002020002220202022220000000002020200020
20002200002020222202002000000222022222020222200200022220020020200202000000022020200020222020022002000202002020002022220202002220222202022202202002200222200220022220222020220220200220202020200202002220200202002022000
20200220200222002222020222200202202220222020022200000220002222222202022002220022022220222222020020000022000000200020022022022202000220220202200222222200202220200222022202002002222200022002022202022022022222220002002
20200220202200220202202202022000022020222202202000022022222020200002202020202222000020000202202020002202002022220020022002220000002020002002022200020202200200200220220220222002202020200020020200202022202000200022202
22200200202202202002020020200000202002020222000222222220000222000022222202222022200200200222020222002000202202000220020202222222222222220002002200200000200222002222002000222002002020222222200200202002202222002202000
22020220022220000020002220020220200222020202220220220022002222000222202002222002222222020000222202220222020020222220002002200220220002000200200220000000220202222002000000200002022002202000000002022220200220222220220
00200000002002000000220220222022000220000220200000002202220020220000202220222002002202222200220200020020220002022002222000000222020000200020000202000220022220200022202202020022022000202200222020222022222022002002202
02022022202022200222220020000200002000202022202220020220022002200020200222222000222202000022200222000220200222002200202202202000222222002222200220000200000020022202020002002222220020220022020200222022220220020000022
02222000020002220000002000022020200020020000222220202222200022200002000220200200220202000000020202000022022220200220200222020020000220000202022022002000022200220020022200200222000202220220020200022002000200002000220
02222000200200000002222022222220202022020220202022000002202002222000000022220220200022222200202202020202200020020002222200000202220202220020222200220220222200202200000200222002222200200220222222022000002200002000220
22000200220202202202220020222220022220002022000200000000000220222222002220002220020220202020202000020000220000200222002022002020022002000220200020020000020020020220022200202000000000202002000020202020002000022002222
20222000220020200022200000222020222002022002002200220220220022220022220022000002220200222202022022002200222200222020002202202000022202222020222002200020220000222022022002020022202020222022002222220000002022220022200
00220220220020002000222222202022002000202002222020222022000200020000222000002222202202222220002222222022020222020202202022200002200000002220020002002002000202202222202220220020222200222000020202220200202002202002202
00022200000222200200220000200022000220022200022022022020200202022020000020200202022220002202000222020022000002022202222020022220200022222022000020220200022002020222002222002002222002002020002020202200000002200000220
02022222002000220222202202002220002202022022002020222000020202000000222020202000020202220220222020002220020000222222002222020000002000022002220222020200022200002200000220022222002220202020022022022000222000022220202
20222202002200222020202020020000202202022000020020202020202222200002222220020202022202000020020002002200022022020022220022222220222222022200220020000020022220000000002002222022000002202020220002200200022020222022000
22002022000202200200200202202002022020200002200202020000220022200222222220002200000020200020000220002200000000200222222022200002202002220220202202002022202000000222002000020020202202002202220000222002222222202222020
22020220222220202220000020222020020020220020220202022002000002022202022220022002020220220222202020020000020002000222222202022220202000220002002000002222000220002222222200200020000222222022202000200220220202000020220
