154
222022000202222200222200002200020220202200222020222200202000002200202220022222000220022202200222222020002020002222000000220202022222022020022002000200202020202200220022020200222202220002022222022202022020222002020200002202202020220220220022022200202
200220000220222020220002222022002022022020000220020220220022200002200202002002022022022020020200220202220020220202000222022222200022022200202020200022002200202200002200200220000022220022220002222002202220202002220200220220220202220222020002002202002
002222222000002002222222202222002000002200202002200000002222000222002000222200200000200222022202200020002220222020200020200222000222202020000020202000200020222222002220022220020202202020222020000200020022222200202002020200002222022000220202002202200
222200220220022220202202202222202222002022202000222220022000022202202202020022220022000222222022000020002220222222022000000002202000020220002000200020022000222020222200020202000222200020200220222002220002220222200200202200022220220002020200222202220
020202200000002020020202000002000222000220222222020000002222222222000222002022002002202222000000020200000020022022222022022220000000022022002222222022002222220222220020220220000220200200200200200002220022000002022202022022022202222022220220220222222
200000200000200222222002022220200222220220002220002222200002202200022202200200002022202220200200002200020022000022200022002000220020202022020020222202022020022020220002000002220002000002202020022002000220020020200000000220202002200022002022020222002
202220222202002020002000000202002020220002202220002202022222200200200022022002002200202222220002222220202220202022002022022002000022220002020202222022220002002002222000200220222022000022022200222200000220222022220220002202220202022220202022222200220
020200000020000022020022022000220222022022000022020200200002200200000002202020020002202002220002002000220222202002020200002222202200002000200220200200202022002202022200200202202222022020200002202020000000002202202202000002222202200002222020200000222
220002000202222020002000220000022222202000222222200202202220202000002202200200002202020220000022220002000002220022200220222202000200020000202020020200022202022200222020220200222002202220220002000000000220200002220022220222222220222020022222200220000
002220020222222202200002202220220220022220020002200022002200222002022202222002222220000222022200222220222202222000222022200202000220222022200200220220022020222220000222022000020000022222200002200222020202000000202020222202200220000222222000020000220
002020200000020022222202000022220222200002200202222202202022202022002202022002002222020220022000022022002020000020002022220220222202222000000220222002020222202220202000020000022220000002000222222020220202000222202200002022022222000222202202002022002
200022000202020000200000022002202222002022202200020220002200222222220002220202222220002220000222022002220202222202002020222022222222200002222020000022002002200020200222200002220220002200020222222020002220220222222202220220200200220020020202222000022
002220000000202020000222220222202200200022202022020022222202022202220222000000020022220020022000222200202202020222000222222002200200000222020202020022202220022020222020200222200200022002202220200222020002222000222200222202222002202222022002000222202
002002022220002000022200020022020200202200200202200202202002020202020220022020020020000022220022220002202220202222022000200222022200202022000202020200222222202020002000220202022200202020202202222202000222002020002202000000020000200000002000222000202
020020020200022220220200022000002202220022222022022200022020020222202022022222220222002220002020022202220000020002202222020220002222000222022020200022220200222020002200022220200222002202022220220020000020000220020002220202022002222220000220020020222
022000220202000000022002220020020202002202022020220002222222222202020222000000000020200022222002000202222022220022200220022200202020002202200202020022002020220220000022020000220222000200020002000000000222002020000222200200020202020202222220202020222
020022022202220000000202002022000020002022222222000202000220000020202220022200022000002202202222202222000002000022222002000020222200000220222200220000200002200202202222200200020000202020022022022200022022222000020000000200022200002220220200222022220
022002020022202220020222020222200222220000220022202202002000220200222000200002202000002022200222202020022020000000020200020000220000200020222000000220022220222220220002202200220000022020220220222000002002002022200220200222020002022020002020022200000
202002222002000220022022000202220020200022220020200200202202200020000220222022200222002022020200200000002000202220002222022202200200002200222022220222200220002000222020220200222022002000220000022020200022220222202202222002202200002000020222222000022
220022020220000020200220020202002000202202002000222202002022220020200020022222200020020202220000202222202000002200002000020000000220220220220020202000222022222202202202222202002202200202022020020000000022220020200200222200202020000200202220002200002
020000002002000022000202002202220200022002222022220022200200002222222022022002020222020000202020200200222022200002020200020022220022222222000202000202202202022220000002222020020002020200222200222002022220220200000220000022020200222202202000002020000
020200202022020002000000020220020202220220022022000220000020022022000022020000002000200222002002200220020000020022002200200202202022202200200002002002020022220002022002000220020000000000020202200022000022000000222002020020022002022200220022220202202
222220000222222200220000020220200222200020202022022020000222000202200002220022000020202000022220000022020000000002022222022222200200020202202220022020002222002220000200002020000020222222022002022002222202200000200222222020222222000202002020020202200
222222222002002200000002222220222202200220222002202200000200222222220222022200202220000000022202220002002220202200202222020020220200222200000202202200022020220000200220220220202200220022000022202000020002202222220022200222000022022000200022022202022
222202022000020020000002222222222220220202202002022022002022220200002020020202002000222200000002220002202000200202020200200002222000022020000000002200222200220020020200220020020002020222020200022200002020200222002200022002020222002200202020200020000
220022020000020002200002022000000002200020022220002022200202002222002200220022002002222022202000202022022220220020222020020022002002220000022200220000202002020020220020022222202000002002000220020020200200200202000220220202200002002200200220220000020
020000022022002020002200000020220200222020200002022002200020200222220200000200202020200200200020220222200222200000220200020022220022000200222220022222022222022222022022022002222022000220000222202220200200200020200022202220222220002000002000020200202
000000202022220020200000022220022220200002202220200022202202222022002220020222022002202202002200222202200220220202202202202200002022220022220200000022220202002200220002020200020202222020202202222002200022022222000000222000200000220022222202022020000
220222002202202020202222000200020000002022220202000220222020202000220022020200020002020202002000220022220022022200000220020000000220200000020202002200022020220020002022200200220220200020220200202002000222002200000000220202020002022020222220002020200
022020200202220002200022022200220220022202020022202202022020220202000020222022022222022222020220220002222022200222220022020220222202222000220200000022020000000220200200022002002220000200000200000002220020222200002202200002202002022020200220202222002
202020002020202222202222200000222220220220200000222222220220202020000020020202202202202222220200002200002020222202022022022022202000000220022200020000022202000220022220002000202000002200202222020220020020220000220022202020022000222000200002202200200
022002202022220220222222000022200020020002022202222000220220202020202220222000202222202000002002000222000220220002002022020020000000222220000020200020000000222222002202200020222002022002020200220202020002002202202202202022200002002200222200000220202
200022020000220000220202220222202002200200002020220202202022202202002000022202022002220200002020000200022000000020202000222002020200000002222220222202000020000000022020220222002000020202022200020022002200022202000220200220002220002220222200200000020
020020002200000222002002202200222220002220022200200022020222202022202220000202020020200002220022022200222020000002020020202202000202020022002222002202020002002200000022020022002022202220220220000020002000022200220002220020200020220200200000220222202
200000000020002220020220200022200200020202020020002220022200000002002022200000200202220000222022220200002022200000020000200000000020202220002222022022220200002222220002022000022222202200022200222020020002020202202000022202200020200000220002222020022
220000222022022222220002222020002002202200202022220002020002000022202220022200002000220020200020022220020000220020022220202000020022220002020020022022220022202220202200202022022000002002202200200202002220220020220222000002000020220002220220020202202
200000022200020220202202002000202220000200020220022002222000000220200022220020200202202020220000002222022002000202222020020202222220220020220000202022220002002022002002002222200022202022200202222200222200202200000022002022020202020020020222202220000
002000000202202200020022022000222022002220220002202022202020020000000022002002000200020000202220022222020222022020022022002000220000222220202202002022000220220200202022020202020202022020222000200220200220002020200000002222220002020020200222000022000
220220020220222222020222202202022220202022020022222222220202002020002000020002200202202222000200200202000022020022022000002022022002022222220222222202002202202002200202200220222200222002002200222200200202000220220020022022222000220202002200220202022
020202222020000022202202222002022020000202022000022000222200000200222000022002000200202002000200220202020202222202220022220222000202002000222020222222000220220220020000200022202022220200222022220022022000020000000222000020002020022022000220220020202
022000002222222000002222002000200002002222200002222002020200222002000020002000022200200222202002020220222220200002222220200222222222000200220020222220202200200220022020020022200200222020202220202020022202000022220002022200200000000220000220220220002
200000220022002220020222020202002022020202222002000220002200220222222202022020202220200022002002200222000220022020020200022020000002022020202002002022000200022000020002000202002200200220220200022022202020220022202022200222000020202220200222222200202
202022220202220000002200020202222220000202220222200200222022020222220202022000022222220220220002222002200200020000200220220020002020220222220000200022220222020020002200020220022200220222002020222200000200222022222220000200200222020222200020002220202
002202022222022020220222222202220022002220202000220220220200022202220202202220200220020202222200022002000000220220200222000202020002020220000022000000000000202222200220222222222002000220000020202002222200022220022200222002020222020022222022002200020
220200000200220222020022222020020202022202020202020002000022000202202200200002002220202000020002220200222022000020202020002222222202000200200022200002000020202022000020002220222022022002000202202202222020222002002200002000000020202022200000002222222
022222002200000222200000222022200022002220022200222220202200020020020002220000000022020202020002022002200202022200202222000220022200202000220022200222020020220200002220200202222220020000022020020200002200202220002222222202222002222000002000222022002
000022022002002002200020220000000222220020000200222002202000022222000020002002202002000020022202000000202022220222222202222000022002022220022000000220200020220002000200022222220000222222000220220222220202020002020222202222002222200000022202002222000
222202202022200022020000200220200000020202220020020022022222000002020022022220022222022020020222200020020202202222220002000200222220200220022220200000200002220202020222220002002022222002200022000020002222222000222022200202222220202200202202000002222
000202020222022000022000022220222220222000220222020220220222020222020220022000020220202200222000222002202002200220222022022202220002020202222200020202022000202002222220202202000200202022000220002020000202200202202222222220222220220200020002000202200
002202002002022022000220000202222220000000222002222222022220022020022200222022020022202022002220200022202200202220202020222000022020020220220200200020020002020202220202022000002022000200000200222002000000002220200202000200220200020220020022002220022
002022022220222220022220022002222200020202000202220020002002020000002222222222222002220222222002020000000002020022020002022200200222000000002020200200022202222200202222020220202220000200220002220022220222002000022222020200202002202200202000022002220
002020020202020202000202222220022202000222220000202020200000020220020222002200020002202202202202222020200220200020222202020002020002000000222220200222222002200202000200000202022202022220222220002200002222022020002220022222222022200222202200200202020
222020200022002220200222200020202202220000202220200220022200222220220002002202222202220020202022220222202020020020200020202020020222220020200020200200020200202022222220020202220002222002202020002002002222000222022222220222202222200000200200022022200
022000220022020220220002000202002202200220202022002020002220200220022220020200200022022022202222220200220000202000002220002220202200220000202220020022200020022022222220202022002002002202200002222022002202020002202220002002200022002222002202022022020
020200200002222002222002022020002000000000202202002220022220000022020022000200022022022020020020220220220000022002000022000220020222000022202000220022200022200200020000000200220220022022000202022002222202200002220222220222022200220000020000222020000
222220202202002220220000222022220220200202202002200002220222000200220002222002020000000002222220002002020000220020000202020220020200200022202000002200000000222002002222000220000202020222202000022022020022020000202222020022222200000002222022202200020
202000200002020020220202202002220220222002200002022022222000220020020022020202000020022200202220022022202220220200202222022200220020022222200020022222022202020002000022020202202202002202000002220202220002202202002202020202002220022022022022020202222
200000200022200202020020022220222200200002220022200200222222222220202222000022020002202000000202002200020002020002002002022200200020020220002202222022000020020202000220220002020002220202022202022222000022222202002022022202022200002022000022000020022
222220202000000200002000002202202002200220220020002222222220002020022200222000002220222022022020202202200002002200220022220200020222222220222022020022000202200002202000000222202022020222020222202002002000000220020200222220000202200202202002202220200
002202020020020002020220002220220220020220222222020020002202200002222020020020000002022202022022000220002200022002020002202222220200220022020002220002020202220222000200020002022202022222002022200022002220200220202202002002000222000002000002022202002
200222200202022002200022202202002222022022022202002002222222200002002222020002020022000002202222020022022222202022220020222022002220200020200200002020222222220022222022200220222222202200200200220220022200020002002222020220220000222022020000200022202
002222200000000222000002000222220222020222022020220002000022002222220000000222220222220020220000002200200020022002200000200200222202222022200202202000022002202022002200002022000200202020200202220200000020000000202220200000022202020002022002202220202
002000222002202020000222202022020220222020202220000000020002222000022020200000020200020220020202220222200202202000020220220220000222002202200222000202002022000200200022000020222022022222202222202000000220222200020020200000200022220000222000022022002
002000222200022020202002200000220002000000020200022200002002002020000222020002020000200202000020022220002222202200200220202022200222002200022002202002200002020000022222200002020022222220202000220002022022222222000220000002002020222000022002020220220
022220022220022002202220000220222220222022002220000020202200202200000022000000202000200200020020200002202222202220222022002020020022020022022022000220202202202020002200222200220022002220200200220000202222200020222202220020200022220022000220002000200
200020222022202202222000222220222022202202002002022200022002022202020020202200000220202220202020002200002022222220000200200220222022002020220202200002220220200020202000020220000222220022000200000220220020022222022220020220002000020220020020220202020
202022000020000202000200222002002022020202002022022020022020020020022020200002002222020020000220022202200000220202220020220222002000002222220000002020022002020000202002002220002000222222222202000000200022202222000020220200200200002022200200222000202
220022000202022200222202002022000002020002202002022222222022022022020202000200002200222222000020202020020002022200000220222202202000220200000000002222202200022222200220220002202022220002222202202022002200220000220202202200220200022202220202222202220
020220000022202000202000200202202020202022020020020200222000022202020202200002222200202000020202000000020020000220002002222020220222000200002222002220020022000202200220002220200020200020222022202002000002200022220222000222000200202002022222222022220
022220202202200200002202220002020202200220202222222200002002000000202202020002002222020000200200020200220022222020022002000202020222220002002222020020200000022020002202200020002200020022000020002020022222220202000020022002222202220220022202220200000
022000220000002202000000220202000002022002222220200020022202200020000020220002020200000220000022020022022222020220222220220020202002202220022020000220020202002022002002002022002022202000202200202220200200200000222202220202220002022022202022200020202
222202202002222000222200220222222202020220020202000002020202222200222000200202200020220220000000202202220200202020000002222022022220222202222020220022000220222200000222022002202200220002000002020022022022222202000020220000022000200202022022202202020
020000020002020022022002222022202222020022222020022000200020220022222002220000220000222002220200022020222200202202020220000020202002200000022022200022220002022202002000002222022200200002020200222000222202020220002022000022200222022220200202020222022
022020220202202000202202002200202220200220220200002002200020222020222022222020020020020202200200000000000000200000202202222020200000222002202000200002222020002002220220202022002020202000022020002022000202222200002222202002000202002000020002222020022
200002020020202002000220200000222200200022000202222200222222202200000220220020002000002002202200222000202002220002002020020002022200000222202002200002020220022020022200220022200220020200002022220000002220202222202022200222020002202200020220222222220
020202000020000000202220002000200020000222202222000200022220200220022020000220220002000000022200202000000220220020002222002000020000022020000022020222202000200020202020202000020222020022222020002202000220002020220222000000000002220002000020220022000
022202200002202020002202020202000222000000000000020220002022020202200020220202222220220000002020000220000020220000200020020022002020022022000200202020020022022200000202022222200200000002220220200200220200020020220002000000020022000022020222202000222
002222002202202000022022200200022002222200002222202200220202000002020200020020200202022202002020200202022200022022220000220202200022022000220222022202200022002022020000220220202022220022200020020002022200020022202220002020200022220020202002020002000
202002222002200022020200022200220022202022022002022220000020222222220222022202002020002202222022000222202020202220200000020000000222220200022200000222000000222200202222202200020020200002202220202022220200202020222022202000000020222222002222220000020
220002220002220022202202202000200202002022202202002222020220222020220000200000202222202222220020022002220200002202200200022202202220220002000220222222202202202220020022020222220200000202020202020220202000220222202220020222222202202002220222220200200
022000000202202202220002220000000202000020220220202200220220220202020020200202022000020022022200002022202000220202000002200020220202000220022022220022000002000222020222000020020220202022202220200220000000002020222202022002002202202222020222002000000
022222020022002020020220202002000022020220202220020202000000202000200220220002220022022222202220002022000202220022222002000020000220002200202220002022202222200000022002202220200000220020000002002000000022222000002022220220222020000022200022220002202
002220022020020002022222022000000020220022202020020020020200002000222002202002022200200002022022220222222002222222222220200000020020022200022222220000220000000002200002202002220202202222022000022200200222000022020202222020020222000200220000200222002
000020002200202002220000200222200200022002002020220200022200220002022202222202200022022022020022202022202222002000222220220002000002202000200222002220002200000222002200222222222020200020020220222022200002022022022220220000202022002220022222000222000
000022000200022200202020022202200200002202000022000202200222002200022200002000000222020200202200000002202220202020202022200002020000002220200002000222022220222002002200022002022000000222200020022200222022220220220000200220000200022222202222202002222
200000202020222202020002022002222202222200220020000022000020220220020220022002202220020000000022000020020202202222000022002202200202020020202220222220022020222000202202022222202020020002200202002202202220200220202002222000022222022200002220000202020
000002002022020000022220022220002002022000022022022000002022202200222220002000200200022022202202002202000002222000002022200220022222222002000000202002022000222200220020202022020000200022200000200220000220222020020220202022222200000202220200220200220
022002220202002020220020002002222002002202202202220222220002202002222022222020200202000002220000220020022022200022220220200022000200020000020220002202200202000200002002000020022022000020222220000022200220222220000222222020200220002202022020202202000
222202222022000022222020222200002002022200202000220202200002202022000020020022000220020200000002220020022000002202020220002022202022222200220022222000022000222202200200000020222202200002002022202202000002202222002000002220020222000002202000222200002
220020202202022200200002222020200000220000022000200002020002202200222020002002022202022002220000020000220000020222222022200202022222200222222202222222202202220020222020002000222202022022000002002220202222020202022022002002020002022222222020202220002
222022200002222202220202200020222202022222200000202022002022020220220022000202002000000200202220202020022222220022222220220222000000222222000020222020222220022202202222000022202200202220200002200220222020020200202002222020000022200200202202000022022
000002220220200202202022002202022222222020020202202220220002022220000220222002002002022020222220200020020200000202000000222002022222022202202002000022022222000020202000220200222022000202220000022200002002200000200222022020022220220222020220002200220
220022202200002002200000022222220200022222000022202000202022020020002000200222220020220020022222200022200222220020022022220202000002220202222000200022202020020000002002022002200022022020002022022000202200202000220002220020020022202022222222202202220
200022222000022222000220022000002020020000200200222020222200220200220000220022220220220220200200022020200200200020000220002200202002202022002222200002222002022020200222002222000002220022022000022002202002022002220000220200220200020200002200220002222
200220220200000020220000222202000200200000002022000020220022000022020022220020220202202002200002002200002002200202000002200202002000002022002220020202222200000022200022022202202220200000002202020022002220000000002000000222200020202202202222222020020
000000000022020000202222220002022220000220002022200002000220022222000222200002002020000002022022000202222200022000022000022200020000220000020002022020202020222000020222002222220020202002000220222220022000000200202220222222202000020202200202002022222
220000022202200202220002022020000022202222022020000002222020222220000202020200020002222022020222020022022220202202022020220022202200220220022202020220000022222220202020002202022022202000000200000000020220220000020002000000220220220000020002200002222
222220022020220220202002220002202022002200222222002020000022222000022022020200202202020020220222222020202022020220002222202200002222002022202000220000200222200200200002200202020002002022200220020000202220000020222200200200222220222020020022222022220
002202000022202002200002220002200002200002002002000002202022220200220000002022002020200202200002202200200222000020202022002000220202220022002202220022020202002202202220222002202202200022002002022022022002022200000220222200022022002202002202200220020
022002202202000222022002002020020020202200220200000020200020202200222220022222020220002220202202000222020222220202202022002202022000222202222002202002020002020202220200000000220002222202002022220022202000200202200222002002220202022220020222000022202
222000002200002202220200220002002222022020020220222020202020222222002220222022002000000202200222202002222202020220000222000222002020220002220022002000220222200020202022202220200000202220022002222022020020220202200222020220202200200000220000220022220
002022020020222202202022022202220222000022202200000020202200002202020222022220002200000222002022220020222222200002002002202022222202202002022002202022002202020002220002020200222220020000000002200222000220200002002022222222000202222020200022000222200
020220022200020020200202022220002022002002022022020200020202200002002200202020020020222200022002200022202022022020022002222020002200222202202220202002200200222000200002020000000002200202000020222020222220200222202202000220002202220202002200022220222
202022000202022022220202220022002220222200202002020200222200002200020202200022220220002202020002022020200220200222202000200002002220020202000020002200002222222020202020000020022022020200022020222222000200000222220220222220000222222020222020202202222
202220200220220002220200020000020200220022022222222220200000220200000202200002220002222222000220222200200200200022220002000220202020022200020202002000000000222202202222200002002000222220000222020022022222022222002200220202222200000222000022222202000
200022002022000022202022022222222220220220220020022022020222002020022222222000202000220000200220020220022000022002000220222202202200002000020000220222222000022000222020022220022200200022220202002200220020000002202002200222220020020200022200020202220
020202022002000222020222200222200202000200222022220202200222000022002202022000220202202202000002000002200002020002022020222220002222000000000022222202222002222202200000222222220202222222200222000200022200002200202220002222000222002222200020202222020
222000202000220202220222222222202202000020020220020202022220222220022000220200022220000220220002022022220000000220000202000202022222202222022200022000000022002022020000020022222020220200200220022022020200020222002222220020200202222200020002020000220
202022000022020222000222202222000002002000220202202200002200020220220202000222000000022002220220200020000202002202020222220200202022200020000022222020020000220002002020002220000020000002000020020022222202022020222200222222020202020200202202220000200
220002020220020202002200020022002200022220200222222022020200020002002020002020200002002022220200222000002222202000222020222020220000000002200020022000000200022202000202002220022020202020022000020220202200022022020202202020220222022202222200002202002
202202220220020002002202022000222222022200020002020020022020222002020200200000020222022222020220202020222222222220222200002200020022200200202222020000222002202020200002222200020202002022222222000002002220200200022222200200220222222202022022000022022
020222202200000202222022022002000020222022000202200000020200222200000220222200222022002000002002202200020220000000222022222200020020202002000000220020022000220200200200022002220220020000202020200222202220022220200002200020222222200202200222002020000
202000002002020002202022022022202000002020020022020222222020222022022002022020202202020002202222200002002202220202022220000200222220220002200200220220002200022222220222202020220220022200002222222220222222002202020202000020002202002200222002202202220
020220202020002222220200220200000002000202020220222000202000000002000002000000022002200202002002000222200002200222020000222000022202202002200022002222222222002022020000000020222200000002022000002202020202202220200220002202002200000000202202000020000
220200022202002000200000222222200002220200222222220020022200022200220022002022000200222202022022220002202222222022022002202002020022200200220220202220220222020200022002220222220022222202222000002200022222020000000220002000020222002000222022222002222
200220022000220000002020022202200222222002200200022000000000002002000222022222220202022002002002020222020020002002202202220200000220022000200020020020200220000220220022200020020220202220222002002220200222222202022020002000202002000000202022220202000
200002200000200000002200220002020020022222202222000222000222000200022000220202002222022220022202202002022202200220020002220222200002022000220020020020220220000020200000220222202002002022222022202220200022020002022020002020200202000200202022200202222
200200220202020220000020220200002020202000200000020000022200220200222222202022220002202202000020202200020202000020002020020222200022220202200022222202022000020200000202222220200020002220222220220020020022202200020220200200222020202200002222020202002
220220022000200222202200000000020200200220002202020220020202022000202020020002000220002220220220020222220020002220000020202022002002200020022000222020000220202222222002000220222002220020002220020000020022000022222220202222220002022222202022000000220
022202022202002002200002022022022020002222222020200020222220202200002202200222220202220222200220220022220202220222220020200202220222022022200022022220022200222200022000200000022200200202022020220222020022202202022222200022022220002222022002222002002
222200022222022002022202220022020020220020200220022002002200220022022000202000022002200202220220020002002000222200000002222200000000020222220002222220220002022022222220022002220222220002202002220200000222000002020002220002022020020220222020222200220
020202022200220022220220000200022200002020220222222002020022202002220022200002220200200002022200000000000002020222220220002220222200000222000220202020020202002200222002202220022220220002200220222202002202200022200022022022220200020002022202002022000
222220022200222000022222222222200022200220202000022202022200200222222222202020202000200200022020002202000002200020200022022020220222220222002220200200022200200000000222000000220000200000022220222200202002020200220222202020202000020202200222200000020
200002000222222202222222000002222200000222022200200002202220202200000020000222020202222220002222022020000002000222020020202000022220000222200000022222002222222022002220222202202200002220020000222222202202020202002020020000220020202002222200022000200
002202000020220220000220022200220220200202202200020002020002202000002220200000022020222020200200220200022202202022000020020222202020202000202200000020000020202222020020000000220202022000020202220220222020220220220200220020200022000022022222220200002
022020202200200000202002020202200020202200220020022000020020000200020002002222222220220220222000020202022222020020020202022200220200000220020202022022220022022022202222022020220000002002202002022220222222220022000220022220200022000022022020000220200
200002202022020220020200222220202220202220222002200022222220000022000002020020200020020202020202222202202002222020022200200222000020000220202020220202220020200002020000200200200020000020200002020020022002022020020022200220022022020022220220202000222
202022202220200002220002022000022202200020200220220200220202220220020000000222202002220202200222020222200220220020022220000220202002202202200002222222200002022220000022022022022002202222222000200222202002200220200222200002022000202020000202220202200
200022000000200220020222222002002222000000022222022000002022200220020020202220200000220000002020200220020222200202000200220022022000202200022022202202222220022220220202222200022202202222020002202002000002020200220000202222020020000220020022020220200
000002220022202220202220002222000202020002000220020220220000200222200220022202222002000020022202202020022000000200222020020202020002002222022022222202202200202000022020220022020002220020220020000020200200020222220002222220202002020200220200022000022
002222022022022000000220000222222000200022200020002002202020202200200220222000222020222202002220002202200220200000202002222002022220002202020202000000000202022000202020002222202202202000222200002002020222020220022000222020202022222020222022022200022
200202200022200220222002002220200000020202202222000220220002200002222200202202002000020022000220020202020202000022220022202220022222200022220220220000022002200222022000022202022200000220020022020202220000220200220022202000002000020002020020202020002
222020000000200200000020220202000002200220220020000222202222000220202022002022000020020202000200000022020220220202202220202022222200202200002202202222022220200200000222002200200200220020202002220002220202000022222022200002000002022200222022222022220
200200020200222002222222002000002000022022202000020002200020202002202202222002222222220002222200220220220022022220022222222220022022002020222000022200002002020000200220222022220222202200022202020020222020202002000020022000022200000200002222020202022
220000220000200002202020022000222020200020020000222202000202020200000000222220022000020222200022220022220020220220022200020002222202222222022000200222202202002022022000000202220000202200200002022022002020022022200022202200202222202002002002020220002
020220022220220220220022000202200222002020002022202000200000002020002200200000200022202220002220200020020002202020222220002020220000202222222220220000002020200220220000202002020022220202020220000202222202022020000022022220020202222222020002200002020
222202202002022202022220002002022022200022020202202220000002002000202200000002022020022200020200000022022202002020002020222202200220000222202022200200002200200222002002220020002220002002022000020022000022222002200220020020000200202002000000002020000
222202202222022000000020002220000200000220000200222202002200020002222002022000000222220022002200022022202002200020222002002022200002200022000222200220202000220020220022220220000002220200220200000020220022022000000220200022200020200220220000020020202
022000222000222020200220000000220202020222202020020002002022222002020000222022000020202222202022222020000000000220220022222000220002200200200222200022202000002002200222220222002220222000002022220220202222200222200022000022002202022222002020002020022
202202002200222002002200002202002000022220200202002022220202200200222202202200220022000200222222222022202020220000202222020202022220200220222202002200002020202002202002022220000202020222020000022000200002020202220200002220002000022222020200220020002
202000220220020002222022000000002220022220022220222222200000200022020222220000022222002002002022222000000202220220222222020000202002220022222002022022022220020202002220020202022220200022200022020020202000220220220220200020022000002002202022000002000
220200002002200222222202002220020020020000220000222000002220200020022022022002002022220002020022020200202000000220000222200220200222020020222000002202220222002000002002000020220022200020202020000000000202200002202000222002022220222022002200202022002
020020220222022022000220202000022020020022222002220020000202220202220022000220222202000200020020222020200222200220220200002220000000020022022220000202020022200200222002200022000002000020022202222202000000222022222020202202002200200000220200022202002
200002020202022002222000020022000202202200020220200002022022222200020020222222022000200020202202022002222220020022020222020022002200022220000002220000000022202002202200202222000200202220020222000222000220022220220000020220200020220002022000002202202
200022002200222202002200000200022200022002002222002220220000020222202002020222002220202000200220020220022200002220220220022022020000220020202202200022202220220002020220222002002020220202000220022002202002002200002220000220000220220002222222022220220
220000220000022020200020220002020022200220200202000022202222022202220222222020020020022220202202220200222002220022202002002202000022020202202000002002022220020222000202000002202202202000220200220020002022002002200020000002200000020202202220020020202
220222000200202002202220220222002220200222022222020020022022202022200000002220020002220222200202002022220200202200022000000222200200020220220020000202022200222202000200000002002020002220202020002202020222202202202202200202002220002202222002202200220
220020202020002222022002220000022020200202000002202202000220222022022220022200220002220222202000200220220202202000200022220020020202002002200222202020000022020000220222202002200202222220020202202200002220222222000200000000020000200002200022202220200
000000202202022202020200200202022220020020222200000222202200200202000022002002200020000020202020022200020220022002202202220220202220222202202222202222022000020002002222002002020002220022220200202000022202022220200202002022202202000220000022200022022
202202220020002002222000020000220200202200020022220020020022000222222022202222020200002222002222202022200022202200202220222002002022020002202202220020002200200202222022000002020022202022220202200000220200202022002200002002202222020020220002200222020
020202002220222000000202000222202002002000220000022202022000200020200222022202200202002202220000220000002002202220020002020022002202202202000220022002002202220220022202220000000002022022022000022020222022222202220222202220020222202202200020022000222
222222220022002220022022222220002202220022002200222020002202022022022200002002220022200202002000200000000020202200202200200000200200222022200020202000000002000020002202002202000200202202220002202200020022022222200202222202202222222020200200000002000
002000022200020000202002220222222202222002020200220220222000000222222020220022200020000020202020222222020200020002022222000000222000222022220202200200022022222002222000022002020220222202002222022222220020222022222200000002200202000220020002200222000
000020020020202002020220002022020222220222002020022200022002022222222200222000002022000200002000022220200020002220222002200220000000000020202022220200200002000002022200020022222020222202022220020200220022022002202202200000000022200220022200022220000
