252
0220202202202020022000002200200220200222220020222000020200220000220202000220020202022222020022002020222002200222000002000022022002222222022002220020002022222200020220200002002200020200020000020020002222002020002020220020222222202002200202202220222222022222200
0020200022202020020200222002002200000202002220000202002002002002022222202202000002222022220220202220202022202222220002000200220222220002220002002000000222222020200020222000022020202220200202222002022222002222200220202200220222222202002202202000220020222020002
2002020200002202220200202202022220200022200022202002022002202022002020020000202200020220000200200220200000220220020000200022022000222200000020000220000222202002022000200002202020202200220022000020002202200020020220222000002222202000020200202220202222220002000
2200022022020222220220022002022002000220022220020202202200002022202020222022002222222020222202200000022202002220022000002200000020020202220220202200022222000200222020022222000002022220200200022000202222202220220200002020002222200022222220022000220000000200000
2220022000200020002002202000222220022202020020020202202202202200000022222222022002002202222002220020200220022200000000000220220022222202000020000002222020200202022020000020202022200020220202020002002000000020000220020020222220002220002222022202220220002022020
2000222220222020020000200200002200022222020022220222022020220222222002000020000022222000200202202220222220000022020200222200022222002200202220022222222000020000002020020002202220220020022020022220200020220020220002022220200000220220222200020020002222020022002
2200200000000000222002220000200002002222000022022202020200002202200020202022000002222220000022222222200200202202020222022020022220200000002002200002220020202200222202020002200000202002220020220002220002220220020200200200220000002202220000000222000220220200020
0200022002200222222200200020000002220220220000222202002222220022202022222022220020222022202000002002020220222222200202222220220202200000200220200020000220022202222200200002002002220200200022020000020200000220220222202202202002000002200002020220200020200000002
2202202200202222000022000002220202220020002202202020220200000202020002022220202000022020222222000002222220220022222222022000202200020222202200200020000022020020002222220222202002202002002020020022200002220222222220222202202222222202220202000022002022002200202
0200020200220222020022202220020022202020202000020200000002222020002202002220222202020202222220220002020222022002020000202200222002022222002200222220200220000022002220020200020000022202000220020022020000200222022202220000220022200200202202200020000000202022202
2000222202002222000000002220022022200022202000200022022000022020020000200220222022020222000202000002222222002000200000220022220200202200000200000222020222222020200000200220002220202002000222202202000222222222202202202222022202222222220020222022000020220000022
2020220002220002220202202222002202220022202222020022002002222222022020000222200222222022222022002222222020002000220020220002220200022202200022002220020002200222022020220220220222220200222022200220220222202002222200020202200202222000222022000022022220220202002
0002202200202220000020020020000220220200200020200020020000000202020022020222002020000222202022022202202002002020022002000202220200222002200000222200200202002202000022200020002020202020220020202000200002022222220202002220200002200222220000002202002000002022020
0202000000000202200200220200022202222202000000220200202002022222020222222220000202000022202220200200000220020200002220202202000202002222202000020000002022000000222200200202222222002000020222222202000222200202020200020200000000202202220002222200220220000220022
2022222022200200002220220002222000002020222022002202220000220222200220222020202200002002002202200200022022220222000222022202002020022020200000020220022200022222000000002222222022200020202220000002200200200022220000002200020000202000222022222022222000022202020
0002202202200022000202020000000220022000200220222002022222002202002202000000022022202002022020020002022202222200002002202200000022200000000220020200002000002020002022202200202222200222222200220220002202200202202202000200222200000220220002202022220002202200000
2002000220000202022000220020020020020220200002022200020000002200222220000200222022002220220020000000020222000202022020220202020220022220220200202020000202220220002220202222202022202000000000000020200222002220000202220002200020202000002222022222220020002020222
0002202200022022220200222200200020200002202002020220202022222200202202220202000202202022022220202222200220020222222202220020222020002200002002002220000200022202020002222020020000202202020200200220220200000202000002222022002020200222222002200022020020002002022
2002200000000020002002220020220202202002200222022022000222220022220020200000000022022002222222020202002220222220222220220200222022200222202220220020000000022222020202202200220022222020022200202200000222200020220200220020200220020222200220000202222000202020222
0000202222222202220220200200022020222202202020222020202222220202000002220020220002220000200200200202220200020022000202020220200022220202002002022022222022222222020222222022000022022202200222200002222020000002022222002022020020220222000022200020000000200202200
0000202200000000202220000002022222020022200020002002000200022200002202002022222200222002202020202002222020002220222002000220022202222000200220002002200200200022022200220022202202202002222022202200020220220020022020200202202202002220202220222022202222202200202
2002202222220022022000000000000220000202002200000222000222202222200002222022220222220000202200022202020200200002222020020000220202000002000022200220220022220222020202000020202220222020200022002002000202202202220220202022020022220000222200222202020222222200200
2222002202002000002000202000222020000020200020000200000222000022020000022002022020022220222000020002000220200022220202002002200000200022222222022222202222200000202020202220020020002200222002020000000022220000202220220222222200022002020200020202222200220022222
2220202222022202000202000222202020022220000200000200222222220000220020220000000020200000200022020202020220202002200000002220200000002222200020220220200020002022220020222020202220222020200222220200002000220022022200002202200200002200200220220220200000022022020
0222022222022222200220022200002200220222022002022200000202022022222220000202020002022002222200002022002002002220002002202220220000220202020022020220220002002000000220200200022002022200202002020002022220000000220220020000220020220022200022202222000202022000220
2022022220202002000202002020222000020020220202022200200000020000220002222022200222000220222000200222202200022200000202220220220220222202220220220020220000002220222220200200200020220022220202000002220020200002022000220222002202202022220222200020202202002000222
2202200200222222202020200220222000000002002000202200200002222002220002200220020200220022022202222202000020000222002000000000200200220200020002220222220002002200022202020020002222222002200000220200022020020020222220200200202202200020000220000200202222222202222
2200020022220222222020002020000000000200020000000000020020202222202220000022200002022022022220222200222222222222000222002020202000222000020202000002000200222222000222000000202022202020222220020000220202002202022222220000200000220020000002200202222002200020222
0220000000220202202202022022020020002000220002200220220022002002222202000200200222022020000000000220222022000220200000222220220000202000220022200202002020202220200202002000000200202020022202220022202020202000200200220200000002022020022222002020202202020220200
0202020022020202000002000022220220202002002200222020220002000222020000020022222202200000000200000022220200002002202002000222022002022000002202000200202200000202020200020022202200022222002220202000222200200020202200202002002220022200000000002220000002220220000
0202222202000202022200000002000202200222002000200002000002222202000002222220000002222220000000020220002022202000200200222002220200202202022200202022220222202222002200202002220000022020220022222002022200220222202202220002200022222020220202202022020220022220022
2000000000200220200220022000220020220200220222200200202202222000002022222202202000000202202222000202020002220200222002200202020222020222202220022220002020002020222200002002002002002020020002002202022000222022020202002222200002000002020200202220022222222202002
2220200220222020202222220000022220222202202202220200000002202200220020022222020202020020220000220000000222020200200022202002000002222200000220000022020200200002022022222020222002220000202222002200202000202200220222020220022202220202220202000002020000022200022
2002000220202220020222202002020022002020200022200202202222020220200200020002220222220002020222000000020020020200002202020202222200000202020222202202220200220222022002200000020222000020200020020022020202202002002222020000222000000202222220022000200002002202020
2000222020020202020000222000022200202220200220200002020000202020002220200000220222202220222000002220202000020000202200020200202022220022222022000020002202220202222222000202202000002222022002222020000200220222002000220002002022000020220200022200000200020022200
0202022000220020220000220200002020202220002000202022220220220022002000222002020200022220200002202000222002020022022220022022020020022222202202220000220200202002202002222202220020020002002222000200020200002202200002022020000020000000200002020220002020202002202
2002200020000202222002000220202022000222200200202002222220222200022220022220222000020002200220200202222000200020020002002222222002000020222020200022002000002022000000220002022022002222020222200222000202220002220022000200022202002020202220022022000200200202002
2222020220000022202022002202022220020220202222022222200222002202222022202220020200220200020200200020020000200020022022000222020002022220022002022222222020022020000202202022220222022020002002022220000020202022222202002002020020222000000202022202020222002020220
2202200000000022200002000020020220020220220222000002222022220022022200020202020222002222202220222222200020002020000202000222222022000002202000220000020002020220020220202220000020020202022022002020000020022002220220020000020202002202000200022200220020200002002
0220020000022202222000220000000202200020000222002202022020222200002202222022220022222020220222000020002022200222000200020002022020222022002022020000200200222222022020000202222200020022000022200222020222020002020022022002200220022220220020020000022222220022202
2020022002200002202220020200222220222200202022200022200220200200020022202200022220220020222002000002002002000020022200200202022000220020020220222022220000002002022200200022000022200220222200000002020200002200000222022220200202222202020020000020202200220002202
0020220200202200200220020202222020202200220000000202220202202202202020200000000202020020200200220022000020022200020020022200202002020220200020022200200020002200020022202222000222000220020220000002220202200022222220202000022222200020020000000020202222002002020
0022020000002000200202000000002200002202020002220022022022202222220000020200200220220022020020200202002222200022220220220202020000200020000222000200200000002002222022020222002202002020202002000222002020200000202200202000222222222002002200020022020000002020002
2000002000202200022202200002002020202022220000000022022020220002222020000202002220020022022222202202002022022200220020220202200020000022020222020002200220200220002222002222000020222000202022200222200220220220222220200202002022020222220020200002002020220022020
2220022220000202002222200020200202220022222000002200020000002200022002200222222000222022020002202020202022002002200000222022220020000022220020202020220220222020202020222000220002222220002000000222022022000000022000000020020202220202202200022222020220022200020
0022022020200202222220022202020202222022000002022022220222020022200020202020202220000220200220222202000202202022020220220222200020200220022020022220020002200220202220202000222020002222222020200222020000220200022200000202022020020022002200202002220222202020002
0202022022000220222022002222020000222200000200020222222202022000222222202222000020200202000200220002220220000000002022200002220020020200200020002220220200200222202202200000022000220002022022200222022220202020222200220222222202220000002200022222000222002202000
0202000200200200200200020002000020020200202022200000002220222202022222200222202000222002220202000022220000202200000000202200202222200220200000002000002000020022222220002000222000222222220200222022200000000000002002022022020200020022000020000202022202022202222
2222022202222022220220000222222200022222002202020220220200200220000202200020022220020222022202202202202222200200002002222002002200020002020200222200000222220222200220002022222020202020020002200000002000202220202020020022000200002220200202222000002220020202002
2220020202222000202202002020020020200220002200222022222220022002202002202002220200202220022020022200222200020200022002002000222022202202200020220002020202022202200000002020220002002020000002022022020202220202002220022200022000002020200202002020000222220220022
0000220220220000202222000020200020200000202020022202222200222200000002002002020022202202220220002002220022220002000000200220202000220220220200220020022000000222220000000002022200020000220002000202200220222222222222202220222202200202000002200200002220220200020
2202002002020220020022022200022200202002020022000000020002220002000000222022000020200002002220202000002220002200002220020202202222022000002220222202000220022000200200000020020200002220200000202022202022220020200000000200220002020022202000200022200022002200002
0000000022000202220002220200022202020020020202020002022220022200200200222000002020222220020022020222222002020022002002000020202202200202020202220222202220020220002222220220220000222002000220002222220220220022200222020220222002002002222002222000022200022222222
0202220202022200000200222202200000000020020202202020220222220002002020022020222000222020000020002200002200000222220202222000022200020022220002200202220020000202020000022220222020020022022022202200200202020022202200022020202220220222000000000000020002222020000
2022220002202202020000222020000200022000220220020002222020222200220220220202022222020200222202220220200202020200220200202000002220000022020220200000202002000000200220020020002220202002202222202020220000022222000020002000222202220222222022220202000022222022222
0200022002200202002000022222000200000020202020200200020022022002202220020020020220222022200200002020222020022000020202202200200022222000202200020200020202000022022022200022000220000222020000222220202022000020222002022000202222220202020220222002000202220020002
2002222022200222002000222222222222020022220200020222202000222020220020202002002020000000202222020220200000020002220222202000022022200200020002200222022202022202020002202200200002002002202022020022020022220202202200222222200220000222020220022000202020002020002
2220220220002020020220000000000220200022022222220220222200222000220202220200202200002022000000202000000022000222000220022002022220220202222002022000022020200202202020022002022000000200222020002020002000022200022220022222002220200222200220000022202000022200220
2220222022020222000202002220200222222022020002222002202022020222202002220000000020222200220022020022022002200202020200002002000220020220002202000002222000002000022000022202020220202220220002202200000222020200000000200000220002200222002222220220220220200002222
0220220000202202002000220000222220220000220200222222002200000202000202002020220222200002200220220000022000022202222222200220022000202200022202200000000020020022002200220000022220002020020220022202000222220022002200200202222202200220002022002200002222020202200
2200022002000020202202220002200020200200000200020200202020020220020022020200222220020022222020002220000222222020022022202200200020220000002002222002020200020002202020200222202222220020020022000020022222020020220222200022022020002000002020022200202220222202222
2020220020200000020002220222022220002200200200200000000000200020020202222222020222220000220002022222222222202222022202202200200202022000022020000222222020002022000220000002020020022220020000220022202022020020222220000000020220022002222200020202002220022202020
2202002022000220200222002020200220200020020222022202202000222202000002202022222220002000222020020000222000020022202222220000202202220000202220020222022220220202200022220022020220222022020022202002022200220002222220202202220020222020020000002202222220202000002
0222022200022020000020022202202000002220220020200220202220222002222202000022200020000222000000000000202002222202222022222200022202022000000200000220022202222022000202022022000220220020220000022202000220222022022002202002220000000020202222020020020220000022022
2222222022200000002220000002200200022002202000020020202000202002222020020222002000020222202202202200202222202020200222222222220222002002222220200220000020202000020000000220222000022200002202220000200200202000200220220002202020022000022222022200022000220200200
0020020002202222020000222220202020022200200022020020002022222202200222220020200222020200220002022220220222020202202200002002000202002220000000002000022222002222022002022000222222000220220202000020000022200202222220002222002220022200022200202220022022020020220
2002000220220002020002022000222222202020020000000220202022220000200022020202220020200222200202002022202202000022022022002220000220220220002002022022222202020222002022200220200002020220022000200222200200220000020222020200020020022020220220022202002020222220022
0002000000020200022022222022222020002222222020220220222022202202002022020220220020020002202022200022200002022220202200222000000002202000022000220222022220002202020002000000020200002220020022020020200222200220200002022222020022002202002222220020200020022202222
0202200020000220022202002202020000220000220222200000202002022000002002222200202202220202222202000000002222220020220020022020020222222000022222000002220202022220000022022000002022222020202000000200202222222000020020200202000222200200200222202200002020222222000
2002022002020220022020022020202022002200000222202200002200022002020220002020200200000002022000000022202002220200022202202000000222000222000020002020220000202002200000022020202020022022222000020020000222220022022222020020220002002200020000002022202200022022022
2000200222222202202222022202202022200020202022000200000022020002202020200022020220000222002022220020200200220020022200002202020222020222002220002222000002222222020220002002220020000002022000220020220202022002022220200002222002002022202222200000220222000022002
0000020000002022222000222000000222220020020202022002220222000202022020222020022202022020020222000222020220220020222002202002002220222202000200200202222002020220000022222200000022020220020000000222022200002022022202022200222202022020200202020202000020222222002
0222202222202000200202202222020020020000202000022002202202022222200020222222020022202022000000000022020200022220202020022020022220002000000220220202200202222222000022222022200220200000220020002222022002202202200200022022022022002222000022202200222220200202022
2200222000200200200202202202222220002220002200020020220022202220022200002002202002202222220200000222200000000020020000002000200000002000020000200200020020020202020222002222002000202202020002020020002202020020000202200022200222000000002202022000220000200000220
2000020202022002220000000222200202220002200202000020002022002200002022222020222220220002202022020200000220222202022200220222000002222200202222002000222220202220200222020022022220200000000220002222000220222000020002020222002000200220202222202222200200220000200
2000022000000020202022220022222020020222022200202200200222022200200220020200202020220220220202002000022002002000000220220222022022200200222020200020220200000202220220220222000222022000200202020020200020022200222002022220200002200000022020022222000200002020220
0002202220022002002222220002200000002222220002022000000002020000000220222020020222002002202000020020022220202222020022022022222002000220000200002200022200202020222002020022222200220020000022002220200000000202222220202200002222220022202202220002222020022000022
2000222202022222020220022200000000222202220222202022002002202022000002200220022202022202002000002202002022022202022000200000002020020022202202022202002200222002220000020022022022002202202022000220220202200220222020222222000202002000222002220002202202222200202
0220022020220222022002220000202002020022200020200002000002220002022222022200022202002200202002000220002002002202022202202222222220020220020000020200002200222200022020020002202000220202202220202202202220202002022002200220022022220222222222222202222002022222020
2222002022220002222002020000000200002020220222202202002222022222020222200220002022200022220222022002220222202222222200002000220002000222002202000022222020020002200202000002222200022200000222020202000222200202222222002002020022222022202020020002200202020002200
2022220200002202200020020200020220022202222200020020002202002220202220002220002202002020202222020222200200200222200202200002002202022202000222020200202000020022020200222000222002000222022022020022220020222002220002200022020202020002220202002222222202222220022
0202222020200022002020202202220020022220000002220000022200020022020000202220202220202220202202200002022022200022202022022222000002220222002200200202222222200202200000200022000020022222002000022222220202000222220222222220200202000200000202200022020200002000000
2002022020002002020002022022202200020222000222022200202220022200222000220202202222222022200222022200222200220020002000020022000220202020222220222022022000220220020022002020002002222022002022220220020200020002202020202220220020002000202002022220202200200220220
2220220000222020020020002202222002222222200000200022200022022000222200202222002022022002000002200200020202000022202202022200002202002002020020000020200220022002020020000020000000002202022222022020000200222000200002022202200222220002022000000002222202022220202
0222220202202000022220020220222222020020020222222220220002222002222200220200020022000000002220220222002002000000020002202220220020200220222220000022222202002222000020002022222222002002000222222022000202200222200200020002200002220022222022220020220200220200200
2200022222222022000000222020220222222020220200220222022220002002022000022002000000222000202020022002220022202200200002220220200202200000022202200200020022222022022202220202000002022220202000002222220020002200000000000002220002222202000022000022000020200220222
0222020020220220020002222220020200002202002200222222220000222200022002002200002022022020002202220000020020220020200002220202020202200200202002222022022222000222222002222222022000202002202222022020222002000200002202022020202020202022002200220020220000200002220
0000022002002022002022002220020202200002200000202022202000222002220020000002200202220220022000020202222220020020022022020000020022202022002022002020222222220220000220002222002200202020020202200222000000220022022002222200200220200222220002200022220222202220200
2000200020022202022022200020022200022000200022220222220220220200202222002002002200220200000202202220022202020000022000020222202200222002200200002000220202220222020222200202002000200222220020020200202202000002220000202020000022202022020222022022022022220222000
2220202002002200202002200002020220022202002222022022202022000200200220020022022200202202022202002222222202000000222220222220222200220200220200220000222222222022002022200220202200200002222220020002020002220000022222020222022022220222000200020220202222202222002
0002222220202220020222002220002202220200220200200200202000000200220020002202020000002020202020002002222220002002200202020020222000020220000222202200020202200002222022002022020002002220022022022002020200002000002020020220220222220000200000000000202200200202202
0002200002222220022020200020222000220022020000000020222222222020222000220200002202220000002200000020022202000200020202022200220222200202220020222022022202220020202020022000220002022000200000200202002202202022022022020022002020002000002202000200200000000200002
0222220000020200222200002222000002222020222202202202020020020222202002000220220022020022200202222220020200022002202222002220002022202200020202002200022022002200200220020202222022202220202222020222200002002200222220000222000000002022222020202020022200220022200
2202202220200222222022222022200222220022002000000000020020022200000200202022000022222020220220022200200002220202220020222022222022202022202200022020022222220020222000200220022220220022020022220200220222222200200002020222022222220222020000220220020200002222000
2022220000200202222020022002020222000200222202000200000000222200002000222000200200220202200200022020220220000200020220200202222022202200200222220022022200202200000202202222022002202002220200002022020202002220020220202020002200220220020022020220220022000020202
0000200220222020202200000020220000020220220200202002222002022020200022022000220000022000000000020202222222022200020200200222000002020202200202000220000222022222222020020002020000222202000022220202000202200200002222200020202202220002202200002002202200202202022
0222220020220202002022000220002000222002220200000222222202020022220200022220202220202002202002200002220020020202022002002220220200200002222000000022200200002222202200022020200020022020202020222020022200202002000022000022022220222002000220200020202020220000020
2002202200000202002220220220002000002222022202222000222200022022200200000222200202200200002220022000220220000020202000220222022222000020220202220022222220222020000202200020022002202222000020020202220222022000202220002222000002022000020222220000202000022220222
2002202020220202222000220020200220002202022002222220000022000000222202222020200002022022002202200000200200002222202002022200200220200020002002000202002022200020202202002002000002220000222002222200000002022022202222020200200220022220220022000002220020222200220
0222020022220020000200022020202200022220202202022222022202200002000022000220022022222220200022222220220202202200222200022200222200022202022202220200022020000020002222222222020222200222000200220220220002220022000002202000002222222200222020222000200022200220022
0220222002222020200202000202222202000002222002220220022020020202222022000020220222020020000002200000020000000200220200200020000200202202200220022202220022002200202222220000202000200200000002220002002202200220000222222022220200000200000022000220200220022022000
2200202222222000202000020220222002000022020002222000022020220222022020020002202000000200222200220200220020020202020002000002020022220022000202020000220200000022222200022220202202202222002222020202022020002020020000202200002022220222000202220200200002000220002
2200000220222022020200222020020002222220202200020202000200020020222002022022022202000222002202000020202200020200022000200002222000200200222020220020220022002000002222020022022022222200202200200222000020220022202000202200220022020020220002022202022202220220222
2020002202020222220220000222220202002022222000020202220022002200200222022220020202220202200200022200002220220220022020202000020202002200220002022020222002000202220222200222000022000200002022220002220022002202222020000220022200200020000222020222200002202020222
0022200022022020020002020222200022022022000222000222220222020220202002222022020222002002020202000222000000220020022220022022022202022022020022220022202200002200002020022220020202022020200022202022022220022020000200020002000000222222000020002200222020020002220
2222220200222202022000022000222202202000202002000220200022002200022020002022202220222000200200002202222022000000022220020022222020200222022022202202002200000022202220022002022200200002020202222000020220020002002000202202002220022002202020020020022002220222002
0022202202202220220202222220202200202002202020022202200020000002020000022020202200200002202022022000220020200000020200002002222202002020020002002022002200020222022000022020222022222020222002202000022022002202022002202002200220000200200022022200002020202022020
2020200020220000202020222022022200020000200020022222200222000022000200200022202000222220200222220220200022020200000200220022200200000220202222002200220200222000200200200022200200202000220200002002002000222200202020220220202000220000000220202200222022020022220
0220022020002202002002222222200020202200002000022022002200222002202220022202200200202020202002022222020222200222222022022220200220000220200200022200220202200200222200020020000002202202022022000200200000022220000002000020202022220222020022002200222000022220022
0202000202002022220202022002020222002002020020020200020022220202202022022022000020022220020002222200002000002022000000202020022200220202200222200002022000002000220220000222220022000220020202002020002020200202202222222020000002220220202220222202002000220002220
2000022220220022000000202002000222000020020020000022022022000202220202000020220022002002002202200000200000200022022222202000200202200000022002222002222020020200020002222202200002200202022020222202220000222202222000002220222202002220200200222022002200202000202
2220222222202022202022222220202002002200222000222222222002000200002220202220202000000020022202002200020200200022220022020222202202000220000222000200202022220002002000220020220222220220002220020202020200202022202022222202000020222002200002222222000002222002000
2222020020022202022220202022200022200020020022222002200202220022000022002202002000020022200200220002222002222220202000022000000220020022222202000220022220002020000200020220202002020222200200202222200020202000200202220220002222022022002002020020200000220020202
0020002202022200220220202022002202220000002220202220200000022020220220022020020002002222002220222020220200200222200200022022222220020220002222002002202222220000222000002202222222022020200222200022222202202200202022200020220220022000002200220220202000222002202
2222200002002220020202002222020020202002000000222200002200222202202020202222222002202220020002002222200222002222022022222200000000220022002222002202222200200002022202200200020222200220222200222000200220022202222200200222022200022020020202020220020200000022002
0220002202020222022000002202220002220200002022222020220200222200002022202000022000220000220020022220220220000202220202002000202020202220202200002002222200222222202000002022002002002022202022000020022000222202202220020002002002022002022002002222002222020022000
0202022002020202222020202000222022000022200000022200220202202222002022000220200002222222002022000000000000222222202020000222020020000222022202020000000020222000222000222022222202220202202022200202002202002002200222020222000200020022022220222002222002020222002
0022022002200022022200222020200022022002222220022000202000202000020220220202200222200220022000020200000000202002000222020202022002222222220222220220002200000020020200002000200202000222020220220002002222020000222022002220200220022000000222200202000220020220020
0202022020222200222002020002022000020020002022222200020002202222222000020202000202022020020000022002020202020002200222222022202222020000202020002200222200002020202000222202220202000200220222020202222020022200202002000002200200002002020220220200220202020202202
2000220022002020200222002000222222202222002222202002002002222000022220020000022200022020200022020220020220200220220222002020002020200002222022222220000200220022002222000202222002020022000220002020000202002200020002020022200022020220202222220002020000222222000
2002220002020000002002020202020200202002200222202020200222202222220220002200202220000002000222200220000022220200020222022022220000002220200002202200002200220020022022222002222200002202220202000220000202222200020020222000002222000022020002200202000000202022200
0000020200202020022000200220020002220000002220222200022022222222000220000022220202202200020002000002002202200000002202202022200200202020200222002000002000202202220202222222002020200202200000202202202220000222202020002000202220202200200022220222022020202200202
0020002000202220020202000002202002220220022202220200220222220222002000222222200002222220000200002200202202020000220022002220000020022222222202202220000200220020000220022220020020020022222020220022000022000200222002020022200022220020220022202200202202000222022
2220200200022000002202000220220002002202222022022222000200000200000020220202002222000222200220022022220202000000220020222020222002000202002000222000220002220200220200022002002020020202200022220200222002202020002202202202000020220200022202020200022222202002020
0002000220020202000000200000022002020020220020220000000220002220000220202200002222022002222220202000202002002222000222222000022200220202220000022022200020002202202220202202202022200200002222022000200222020000220002220200020000222202022200022022002022022220020
0200200002000200222220000020022222020222222220202022202202202202220200020202020020202000222002202220020000000020200020000200002002000222022222002000202022000220022200222200222200200000202000022022202022002200200200222000000202202200222200020020222202022022020
0222022222002022200022020022000022222202020222002202022202000220200200200002000002200222202022002202022200222022002200000200000200002000200202222200020222200220202000202202022220002202222222222220222000022000200202000000000202222222002002220020202020200222002
0222220222000000000022222222002222000220202000202020020202002020022002200222000020220020202020002020202222002222222020020200222022002222222202200200220200200002000002200222022200222202202202020022200200220222202002200220002000220202222200220022202020022202022
0220020020202200202202020002020020222002020200202020002202202200222220202200220022222020000022002220220002202022022202020002020020022222202222200222202002020200202222022000222222002200222202220002002000020202200000220000200022202222000202022000020002022020000
0220202220002022002222200200220020002200202220202000002002220002220000000202020000000020200222220002220000000022022020202202022000200002220220222220220002020200222200002020020200202002202222222200222220000020202000200220222002222000200202202200002202022220222
2020002020220200002222002002202200002202000002220020200202020220222002200200020020222020000002202022000000220202202002022222022020002002202002200000020220200202002000222000222022200222002220222220000000202202000022022020220020022020202202000020200000022002022
2202222200022220202002000222020022000002020022020200002200002222222000222022202202200200002220020200022222202022022022000000220000202222202202022020222020200222002202202002220222022022222022220200020202000022000020020020002022022000202222220022200220022020220
2222200220202000220220022002000022220202022202020022200000202220200020200200220220202000202200002200000200022022022200222202200022200222022200002020202220222222002000022002202220222220222022002222200022020200220200222202220002000000220022220022002002022002000
2020000022222020000002222220022002020000000220002220002222202200000020020000222222202220000022002000020200002000200000200000202020220220200220202202020220002200000002002022220022202222002002220020022020020220220222222020022020002002022000022022000000220000200
0222000002020220200020220000022020220022020022222220020220220020020000000022220002020220220022002000200000002022202220002020202220222200020220002020022220222200020000202020000202020002202202002200220200202002022022202022200220222202002000202000002000222002220
2220200020220202222202222022022202222020022200002000200200002202000200220002202200000202000200000202000220202200200222020200220002020202222220200202200022222220022202022200022000020220200222220000000202022002200222002222200202222200000020202022222000220000022
2202202002002200000000220202002200002000022020020202220022200022220000022200200020002220020202002022222222222002220002200020202202002202222000222022002202200000000202200222222000222200200002020220000220222202000222222202020202002020220202202200222222202220202
2222202200002202002200020020000000002220020000022002002022002220202202020022200202220002000022000002022020020002202020020202000002002222222222202002000202000000022000002220002022022000022200022002220002202200220020202202000220200020202002200220220020002202222
0022000222022022022000002200020220202022022022020202002220000020220002002222202220220002220202202002222220020000022202002220002222000222200002002200000002222020002202220200020222202020220000200220022202222202200002002220202222222202220022000022220222220200002
0020020222202202220220020220020202022002022022002022200200200220002222022022020202202002020222002000020222022020020000020202222020002220022220000200022220202000002202222200220002002020222200222222000220202220022002002000200202220202002202220200222202200000220
2202022022220200202202222002222222202200222002220202220220220222000220020202222222000020222222002022220202202022000000000220002022020000002022202202022220222220000002220220202220200222220202002222222000022002222202202220222002002020020020200220222222220020222
0200222200222200022222200020220000002022202022220020220002200002022022200202222220000200202022200000022002220202222000222200020000200002000202222222200002000200000002020002202220000000200020222020220220002000222020000200000202200220002000000200200202022220222
0222020020022222220022220002202222000220200020022020002220000000200020020000200002222000002020220022002200020200220000222020020000202022222220202022200202220020222022002220202200220002020222220020002022020022002002200220200002000202000020200202200020020220200
2020202002200200022022222002020222022002022202200222222202200002022202002200020222002002220200202020002020202022220002022222220200200200222020200222222002202002220220220220220002022202200222002002002202222022222002002020222222220020002002000020020202002022202
2220220200000020220200020220020222000200022002222222222000020222022002022202222222000222222022200002202200020202022000020220022002002222002000000202200002022200200002000200200222222220222002202222022002020222200002020020000222200202020222222222002202222202000
0202022220202220022000020022222222200022022222202020020000020000202220002022220002002002022202222202000220022220200222202000002020220220222000022222220202202220000202222222020222000002022000020000202220002220200002202220200220022022002000022000022020222222022
0222220000222222200222202200000022202020202022200202000202022020020202200222002202220000002022020220200200200022020000020000202222022222000020220002202220022022200222220200200020020020202200220022202000020002022220000002200200220002000000002000020022000202222
0220202222220022222000022202020202202202002220022002002022020002020202222000220222000200202022222002022200202222000022020222022222222022002022200000002200220020002202222222002000220000220200020202202000020022202222020202220002202022220202202020002002020222002
2220220202022020220202020000202022020020202202200202002200220020202200002002002020222020002222022200200002022220020200222222020002220002220000020200202020002022202200020222200220200200022202220220020022022002020202000200202200200000020222200000202002022202220
0022002022220202222000202020202202022000020220200220222200000020202222220002220202020202020222022020222222020022202002002002022022020020220000022000022022002202200200200222002200222202202002200002200222022000022000000002020020002022000000200220202220200020020
2222022000022020222000220220220020000002002202202000002202202000220020022220200200020020020220220202022002220022022222002020202002202000202002020200222022200002220222202022220222022022220202020200220220200222020020202000000202222000002000022220202000220020220
2202200220200022020202222222220202000200222020002022202202002022202002002000002002002202002200000202200200020202022022000222022222020000000220000202000002000202000222202002022002000022020222000220202022222022002222002220202022202200002220002222220002222220020
0220222002222000220202020020002222022222200002220200222000222220020202002022200222220020220220200220000202022002022000000000002202020000022222202022000222002000200000000000222000220202000000222020220020002220000222022200202222022000002022220020000222220000000
2222000200002222020002200000202220022222220220202222200002002022220200020200020200200222020222000222200222002202002222220020220200002202020002020000200220020202002222222000222002222022200202222200200022002202020222002202200220200222202022200200002020220220020
0000022220220002202002200000020002200022020022000000222022020202202202022022002000220202020202220020222220000000202002022222002000022002020220002020020222220200020222022020202000020220202202000022002002000220222022022022000022020222022200002200200020002202222
2220000020020020002020222020002022220002002202000202222002200022200222222220200222000020220002220222020020020202222222202200202202000222220000202202220220000022000200202200222020222020002202220222222022000000200220222220022000022002200200020220202222220000022
0222020202202000020020020202022002020002000000200202222000002022222200002200202220022000000200002002020000220202220000202222000220220200000200002222200022002222220200202022020202020020020020002222220000000000002202022202000222222022202200220202200222002022022
0222020022000200220020002002220200202222002020022000002000000022020000022220220022020200200200200222022202000022220020222000220020220000202222022202020002002202000220200222202000002202020202000200020220000220002220202000022200222022222222200222222220022222222
2200220220202202020200020220022202020000202020002222000002000022000000220222002202020000200000202202222022200200220022202020000202002200200020222222202202022200002022020200002202220202022002200022020022022022220020020220202022220020000202222002220022022020002
2220000022202202200222200022202000202202220222020000222220022002000220220202222222020000002002222020020022202220202222222200022202200222020020002000200222022002220000222222222220000020002202202000202220020200222220220002020222002000000002220220022202002000000
0002022022202022000200020220002200020000220222222000200022000002020002202000002000222020022020202200220022202002000220020222000002200220220202020020002020220220002200200002222000000200220220200022202000020220222202002002020000200202020002220002020020000202220
0000020222022222222002222202002202002000220202200202000202220202220220202020200222000200020002202002200202000222200020022222222022002200020020022202020222200200220020020020220220200020202222002020222022222022020000000200200022000202200220200202222222200002022
0002202020000020222202020220000222220020000022002202202022002200002202202222220222020202020220202202202202202200000022200202022002220202222002002022000002000202002002022002220002220202000202000202222222222000000000202022200020220222022220020200200200222222202
0020000020020202000200220200222020222022200200220002200022220200022200022002000222222202020200200000022202000022222202200000200000200220022022202020022020020020222200022022000200200202022222002222002220000200002202200200222200000022020200222222220202222022022
0002000000200202222220002202222020000020000022202000200200202000202202220202002222020222002000220002200022200200022222220222002020202220220222000220200200002200202220220202200202220222022200002000200222002220200002022002002220020220222200202020200220200020002
0222000220000220222202202022002200000220220002000000222222022020202002200000202000202022220002200202020002022202022000222020222002000002202022202022020222002020222222202002000002000022002200200000000002020200222222222020020022020002222000202202022220002002202
2000200222020200022000222000020202022020222000220220002002222022222222220000022002202202222022020220022020000000022002022022200022022202222020220022200020220222022022000220022220002200022220220000002200222020020000222200002020000020020020202002222220220020220
2200222222200020020202002000020002020002020202002200000202000022220202200022022022200000020202202022220222000220200022022022202022222220022200002200220002202020022222222000002022222020200222022022000200000002022220000022002000222202000222022020002000002220222
0220000000200220002002000020002002220220020202020220200020202002000202000022022000022022200022200202200002022222022220222000022002222222022000022000022200220020020002202020022002020200020200200022002202000222002200022002202020002220000020002222200000022220000
2000022202222220200200000020222202200022000200022002000022022200022002202002000002022220020220002220000220000000000020220020202020020022002000002000220020222220220202002202000220220020020020022220002002220022020022022002222222220202002022202222020220020022220
2200022020222002202202022220200020000220200002022200020200000020200022220222220002022020222022022222202000002202200200222220220202020222202002200020002022220022020222020200002222000200002020220020202220020022220202220200200000222020222022022202022220220022002
2202202220202220200020000000202222000002202220200200222202222200000222222020000020202022202000200020200000220020000200202222022020020020000022022020000220202220002000002222000020000000220002000022002202002202222002220200022200202002222000020002222220220000000
2220020000002022202222020220202000022002022202000222202202002220000020022222020202220020002000020200000002020022002022000202220202222200020020220020220020220022222202000202020222022222220200020022000200200222022220000002002002002022220020222022200202220202000
0200000022222020022020200022220022000000020020000202200202220000000000002222002220220202222022200000002002020002202222220022022202020020220202002020222220002002002002022020022202002222202202222002022002220020000222200020020200202000202222020022020000002220000
0202220200022200002220022002000200022022200200220222000200202002200000000020220220000202020222202222220020220200222020020002202022220000200222022220202022002222022202020222020000222222020020022200202200200020200000220202022002022220220200200200020200202002220
0020022220022200222020002002000000000222222022022000022022222202220220022020002022220020020002202222002020022222220220020000002200000000000020002022000222220000200002200020220000200220202222222222000202000200200020000200022002222220222200220022202200202022222
0202220000022020220002022200022200220220022022020022000020020002022022002000220222220200002000000202222000020022000002002200200022220002022222200202202002002202220222000200002002020002220202022202020220002220222220020022000202000200200222220202020222022020002
0222000020202220020222020000222220000202002220002022020222202200202020222000220220220222202220020002020020202222022200020202002200202022222022020222202202022220202002222222020002020002220022022000200000022002202002020000202000000000202222222202222200202020000
2222022022002020002200222220202002222202202000020222200220002220020202202002222002220020200220220220002020000202000020202022202000022002202202000222020220022002200222202220022202002202020220000022020020022202222200002002002002022200002222000200002222220000202
2020202220222022000220002220022202000022002022222002022022022020222202002220002000202020020220022222020202200220200022222022202200222002222202020022020220202222020000000002000220020020022220222022220002002022202002020022200002020022000220000222222220220020200
0222220022222200002220200200020020220200000002000022022000000000000202200000020220222002220222000000202022002000202200202220022220002220000202002022222020002222222002202022222200200020020022020000020200002202202202200200022020220002202202002002002222202000020
0002002022002022222022200002002220000222000002000200002220222022200002000200220200000200202202000202020220202020222022022220022002022202200202000220202000002000022200200000002220220222220202200002022022222000022222022022200022002200220220200002002002002020002
0222020000222222220200200220002220220222020002222202022002220022202000220020202022222000000022000200020002020222020022002002202222002002220000000022000222202020020002200020020002020022220202222022002022002222002202002200022002222220200200020222002000200002020
0020200220022020200222000020022220220220200222022200202220022022000022200002202002002002222220220020222002022200022222222000222200002220202000002022000202202020202000020002200022002002202202020000200222222020000000000220020200002200220020000200200022002202202
2000220220202202002002022022000220020020022022220020200002222020022202202200000220202200002200220220020222220202222202022002220002202220200022200222202202220202200202002022222222220200020020202020220000202220222220200022020220220200220220202202200002020200002
2220000002000220200002002020002000202200022200022022220002220020002022000000222022200220002002200002020220002022220000200002200202022002022222202002202002000002022220202200202002002000202202202220222020222220022202020022202000020022200022020020200022220000202
2202022220220020220000222020200202200020020200022200020022222002002022002020220022222200200000222020220202020202000000200000000222002222000200202020200000220200000002000202002022002220200002000000022202200002200000202220022222000020002222020222020200222002222
2020022200200220200222222200002000002002200200222202022200200000202202202202000020222202000222000222202222220222002202020202020020220220220220000200200002202020000222220000202202020000222202022020000002022002002002020020020020200202022220220002202200222000020
0002200000220202002020020002220020020022200200002022002220200220222020222222000202202222220002022220200000222020222202002000000000200220002202202022222200022020222020202202220222022002200020022200222002000202002000022022000022022000222200002000000002222202002
0002000222000022020020020222220220000222002002020222020220202220200000020000002200022222002002022022020022202200220202220202200000220002022200000222200022220002202220200002202220222000022202020020202202222200000000202020022202222200202020020202000020020022200
2002020022020020202222002220220022200200000002020022002220220022222020002200222020020220202220222020222022222222220002020202022220020222000200000222020002202002002000000020200220020022000022002002202000200220222200222002200202202202220002020000020022022220222
0022220020222220200220222220222200020222200222022000002002002022020200202222220200000020200022002022202000022220202202000022202000000202002000002200022202222222200200020000222000200022222202220000202020000020022200002222202220022202202022200200022022222022220
0000000020002220200022222200202202220202220022220000222020200002022000220000220200000202020222000000020202002220222202202222020222200202200222002222000002200222222002002022200200022200220200222020020220202020220222202000002222002022020020222002222020000222220
2220020022202200202202220220222002202220022002022220202022020020000000022202202000002200020022020000000002002222200222000200020002002200022222220202222000020022222200200222200200002000220202220002220220200022202220020202002222202020020202202020022220202202022
0020020220020002202222220202202220000222002222220222002022222200020222000000200000220002222200200000220200002220022220000220200202200000222202222020020222020002202202002220202002020222220022022022022002022202200222002220222002002202200002202200200200022000202
2200202020220022200200000000202202220002022000202022222022222200000000022002022222000220022202022020220022000020222200220220002022002000220220022220000200220002022202222020202202000022220220220002202002222002022222000202002202200002002022200220020022220020022
2202020002020200000200220022222200000222022222220202022200000000202022000020000222222220200220020220220000020002022000220222022020202002000220202000000222020002202220220002222200220002220022002000202000200000202200222002002200000020200020020002200202000222000
2202202020202200000022002022200020222020202002020000002022000220002222002020220000020000220202022202002020022000020002002020200020202020020202020000002020022202022220202200020202000000020220220000002200202202222022200022202000000220200200222222000220000220220
0220220222202000002222002022020200000022220020022202000220220200002200220022220222020000202200202222002220002000000200022000022002200020000000202222002000220002202202020202202200202220002022222002020222220002022020222202002000000020200000222220202200200200020
2200220220220222000020000002000222000220220200000020000222202000222022220222202002202200020220020020202222200202022022220000200020200202202020200200022222220000222022002020020200200220200200202022202200202200000002202002202220200002002200222002022220020020222
0202200200020000200222200022202000202222220022200020220222022200000022020002200000000022220220002022002220222002022202200222002202220220222202000002202200020022022002200202000220220022000022202202020002202000022200022222022000200222002220222000022002202220222
0000200222202000020000022000000000202200022022200022022020022220000022200200222202202202220020020222002202200220020020002000002202002222220220020002222022022222202200202022202200022022222222220222022200202000022222220200202220200222002220200002002002000022022
0002020220022220222202200220020002200222220202220200020200200220222000020202220000022020200222220222202002202202202020022022002020020202000222220200220000220222020220200002022002022002020222022002202222020002202002022222000222002000222002202000000000020000220
0200022022022200220202022222022222222202222222000220022002002002202200200022020002200202222020220000002002000000022022200000022202222222200200222202220200200000000022002022022022200022000000020222002002222200222022020002222202020222222202222200222020022022202
2202000220002220222000200022022200200222200000200020000020222000200220022200220222020002020200220000020000022200022000200000020020020220000222202020002200020200000220200002222200222202000000220200000222020022000222020020202002000020000002000002022002202022202
0202220002020000222022220022202002222002020220222200200000220000002002200000220020202020202000022202020220200020022000222200200020220002002020002020002002022002020200020000022200220022222000200002000202000220000000002200222202020200200022002222222000220000002
0220222200002022020020202002022002000002022022220002200002020022202220020222220000002022200200022200200022022022000002002222022200002220222200200222200022220020022222200002020220202220002020000020022222002000222222220022222020220220222002200022000000000222022
0022202002002202202202000222222220222020200200022200202020200022002020200202020020020220222020000220200202202202002002002020000222222202002202200200002022022020220220020202202222002220220020020000200000002202002000020000022202200002022200002020222222220020020
0022220020220202000220220222022202202220002220202200020200222222200202202220200200000000202220020022222002200020002020200000000020002202220000200020022020000022020020202220022222022000220202222202200022022020220222220000000002022000020222002202020200020022202
0200202000200022200222022222000022220220222022222000022020000220222200002202022220220022202022002002020202000002022220220222020002000202202220022202220022002222220200020002020220220000020020000020022020020222200220002202020202222020000202220222022020002222222
0000022000200202200222202220202020020020002200002222020002022022220222022202000200222020022000200200020022220002200002022020002002020002222002000222202022000020000222200022222202200000202200222022000202002200002002202200200002200202000200222202020202202000000
0002002220020202200000202200220222020000020222000220200220200222222222022022000000002222022000202200222220002222000002020202000222222022002002020000000022022222022022002020022000020002000022002000020220202202022222200202202000200022002200000000200000202200002
2202200022002220020220020200000202022220022022022022000202002022022222000220000002002222222220020202200002200022220020220220022000222002022020220200200220220222002220022222202002202000002020000020020200020220000200002220200000020200220000002000200000220002222
0220002200022222000000000202222200200002020002022000202200202020020000222020000020202220202222020002202000022200020002000022022020200202202020200202222022222022222002220222020202200222020002200022202000220002000220000200000022020022002220000020002020002220020
0002002202022022022220220022022022000200022022200202222002002002202000222022202202222202200222220020222202002002200202202020022002220000002200022000220222022022202200222000020220020202222000002022200200020000220202002220222202022222000222000022200022202222020
0202020200220020002022202002220222222202002202022020002000220220200000222000002000000022220202220002020202220000220200222202222002220200022200022002222020022200202202220020020022220000000200200222022002022222222202200222200002220220222000020002222220222202220
0000202220020000002000222020200220020222020200220202202222002002000222200000202002202000202220022000202200000002200200000202200220202222000200200022000022022002202002220000200000002000000020002220222002002020000022000000002020000000200020000220220202220222000
0020000022022220200020020202200220000000022022002220020022002022020202222220200002002222220020022200000020002022222200000202222022222220222002022000000220222202020202002000020220220222220000022220002020002002220200200202022022002002200000022222020020022202202
2202002002000020202200002020200002022222000220200200220000022002020222022222020002222022220000000220200222202022022200220200220000202222022020002200022002022002020202000000222002200202020222200222200202022000000022002220000200002200002220022000220002002020000
0220222222000222000222200220202220202020022202220200220002222202002020002002222222220220220020020222220002220002222222020000222220002202200202220020220220002022022022200022002220020020202222002002222200022000200000220002200222202022020002200002002000002200000
2200022022022222200220220220220002222020022222002000020200020022200200000200200200200220022022220020202200002022020200022020002222022202200200200020200200000020222022000200020000200222002020002022222202222022202222002000002202020000022202020222220002002002020
0020020002002202000022202202002222022002202022202022222200020020222202000022202220220022222220020020200000220022022200002020200000220022022000220222000000222202202002022020202200002222020000022000202222022202222000220000200202002002202002202000200020020220002
0020220200000222020020222202000020000202000022220022020020002200200002202202020022222202002000220020220220200022020222002202222000022200222222200022020222020202220020222020020220202000222002002002222202220220202020020022002200002200222002220002022022000020222
0220200020020220002020022002000022200022020200222220002220222000220222002022022020222022200000220022000022200200020022022000002000220220200022020202002202222022002202220002202220200022200022002202200220000020202202220002202002202220220200022220002022002020020
0200200000000220220220002202020200222002200000222000020220000022000220000220000022222202000200222002222002222220202202000222022200022000202020002022022000222002022020202200022022022022000000200220000220022222022020222200200002022000020020000002202020020222222
0200200000222022022222002220222222222000220002220200002222020022022220020020002000020000222020000202222020002000020222002200222200022000020000220000222020002220022002002220222000020022202200222222022222202200020200220202222000002020000220022202220022200022000
2222222020220200222020222220222020220220200222200202222200000000202020022000022200020002022202020002222222002020200020002222220022220202220222202202220000202002200222222000202220022002020020002002020202020022020202022020200220200202000002222020200020000000200
0222200000202000020202202222022220222020220202200002220202022000222200002222200000202020000000002000202002020002020222000002202022220202222202002000200020002002000000002220002220002022020200000002220222220020022020020220002200202022022200002002002000022002002
0002000222020202222020002020202220022022200002222020020220200022200022000022022200022022022000220200000202002022200202020200020220002202022202202020220022200200020222022202022222002202220222202022000200200200220020022202022020202222022200200000002200002000220
2200000220000000202022002022020020200020002222200202002020002200200222220022000220020200220020220222222202222002202202002220222222222220202220220002022202202022200002222022002220022200222002220200002222220222200022020022022202220022200220202000002000020022000
2200200022200020002200022202000220002022022022000220200200202222222002000002002222222000200222020020002200222200000020200200000200220022202200200202202202020220202020022002022220000022200020200202002202002200220020220200022220022202022002000002200200000000200
0222000000200020020200200202002002220000000200000222022202000220002002020222202020000022000200222220022020200000022020222000020200220202000020020222222222202022220022000000200220000022000200002020222202000002002002202222002000222222202220000000020222202222002
0002222020222000002020000002202022220222000002020222202000002220002022222000202020020022222000200200020202022002220200000020020020200022020220020002202200200022222000200000202222020022220220002222000002020002220202222022220202200022022000020002022022202220202
0202220002200200202222222002000022202002000220000000200200222002020020200202020220220220200202002202200002000200020202022002022200022022022002202002202020202022000202202202202020220202000000022022222022000022202200022000202022200002002002222002200020200000200
2222002222222002202022002200020202200202020000202020222020002222000002222000220202002222200220220000202220202200200202020202202220222220202000202000222020000000222220000222220202022020022002000020020000002002220002000000000000200220200200202202020202202020220
2000220020202202000022220022222220020002022020000020222202000002202222022000202000022000000022200002200000220220002220222020220000202022022000200220002002220000222022222200022222022022200022002200002000202202022022000222220022222202022022020200002002000002022
0220020200020202220222222000220002200220022220022000002020002202000002020220220222000202020022020200202000022222200000020222222220000220002202202220220022200000000202222200020002020202022220020000202002202220022202222020200000002220000200222022000220002202220
0022222200000000202220200022002022022202222022220202222022020020000020022022202202222220200022022000220022002202020200220022220200022022202220022222220022000002000022220222000000200000002202202202202000222022022022200002002022220202200202202022200002200002200
0222220200000220000002002222202220200200200020020200200200022202000222200002002202202022220022022222000220020000000220020022000002200002202220020222020222020020220202222000000222020020202202220002202200200020002020020202202220222020020000202200002022200200222
2002202220200020200200202220002202222000002002002000220200020002022000000202222200220220220202202220000202220222202200200022020022020000222002202220022202022220022020202020220202000202200002220000200200022202222200222202022002202200200222022200222020002022022
0002220202220020020220020022202020022022002002202000202202222002202222222200222222002200020202020020022000220022022002220222222020200200222020020002222222002002222022020200020020222000002220200200022202220202202200202202020220220202000002002020220002200000020
0002222020000222020002222220202022200000202200202202200000200220222222202022020220020002200220220002020220222022020000200022022202020202020022022202222220000022200222202200220000002000220200002220222200220220002020022020220000200022222202200020020002020000020
0200002000220022202222020220220002222202020000000202022020000002220200000200220220022200002020202020022200000002022022000220002200200000200200000002000022222000200220000220020202220222222200002202222022200022022002020222202222022002020022222202000022222022222
2002200200022202222002222220000222200222220220000222020222220000020202022002202200000000200020022200220222002022022200222022022002000220002202022200000020000022222022000222220020202022020200222020222202022020020002020000002220022022222220222202022020200222000
0200002022022000202222200022220022220222000200020220222022000002020220002002000022020220020220022222000022000022200000002020002000202022220022022222200200022000222000220022022000220200000002002222200222002022200002020022200002002200022022020000002020202020202
2200200220202202202000200220202020000002222022220000220020202020020000000000022222222220202000000000202002200220200202020000020222222020000220202202202200222220220220022000022000002220222202200020002222220202200202022022000020202022200202220002002200022020020
0222222202000022222200020022002220000000202202000200222200000022200200022022220000022020022220002002000020022000022000220200222222200202222222222022200000200000200020022020202202022200020200000020022022000222220020200202222020202000202222022222000000002000000
0002002220200000020222020000020020200202202002020202220022202202020022222222202000220002000020002200200200002220000002022020222220222022200220222000202020002022200022000202220020200020202222220000002200002220020220000002202200022020200222220200202202222000220
2202020202020022000200200220022202222022002022202002020002202200220222022220020022002022200220020020000020020202202020222200222222222020002200000220200220000002200020220202000202000200002002222220000202200002222202202002022202002022220220222002002022200022222
2022020000020222202222000222022020022020202022202022020202220020020220220222020022002200220020202020222020022020020020020002220022020000002022020202002022202020020222000220200202002200200202000022022000002022020200202000000222002000200200000222002000200202002
2202022220222202200002002000202020022200002200020222002000220020200220202200220202020022000000202202222000220020022022020220020200022022000202022222020202022020222200020200000222020222222220022202222202202202000002202202220222200220222022202000220022022000002
0000000000022202000200200200222202202022022202022220222000220000020202002220000002200000220000202002022022000000022202200200202202222020000022222000222202000202202000000022220222020202000220022002220022222000202020200002200222220222022220020000220002002000002
