139
2000202200020
2202200202220
2220202020020
0002220002022
0222220002002
2000202002200
2020020020000
2202202002000
0200222202000
2022202220022
2020220020202
2020222002020
0000220222220
0220022022022
2002000200020
2202022200200
0200022020200
0022200220022
2022022202220
2202222000220
2000200222022
2022202022020
2222002220220
0200202020220
2020220220002
0000020222000
2020200002022
0022202222002
2220202022220
2222000020000
2200222000020
0022220002000
0220020022200
2020002202200
0000220002022
0202020202000
0200002222002
2000202000002
2202002202222
2220222200020
0002022200022
0202000220020
2202020202200
0020202222220
0202022200222
2200202222022
0200222000202
0002200002200
0222020022002
0000020002002
0022022022002
2022200220000
0002202202020
0220022202220
0022222222000
2202022200202
2022202002002
2222020222222
0222020202000
2000222002220
0002222222202
0020022022220
0002022220020
0020200202020
2220020020220
2222020220002
2222220002020
2220020220022
2200002222000
0222000222222
0202200020020
2020222020200
2202022020022
2022000220002
0202200022200
0220000002000
2022200220002
0222222002200
2002202200000
2202220020200
2200002202200
0022002000020
0202222002020
2002002220000
2020022202002
2200022200002
0020020022020
0022000020002
2022000022202
0222020000022
2222002000220
2002222000200
2002222002200
2202022222002
2202222022002
0200002000022
2220020022000
2002002020022
2022200200220
0222200002222
0220202020020
2202020200222
0220202002220
0200222022200
2002202002002
0022202202000
0220220220020
2220222200020
2000000002202
0202220220022
0020200020000
2220022200020
0000220002202
2200002200002
0222200000200
2020022020002
2220022222220
2022222000220
0000002022020
0220000002000
0002020020202
2000022220020
0002000022000
2202022002202
0200202002022
0020000202020
2022202200202
0202000222220
2022220200022
0002200220000
2222220222022
2002000222002
0020022202020
0002000220202
0000000022022
0202222222222
0220200022022
2202220200020
0222022220222
