141
2222200
2002000
2002020
0022222
2000002
0202020
2002022
2220222
2220002
2200200
0220020
2000202
0000200
0202002
2202020
0022022
0202002
2020220
0020222
2002020
2020020
2202202
2220220
2002202
0020202
0022002
2200200
2200000
0020200
2220002
0002222
2022022
0220202
0002222
0220202
0022222
0020202
0202002
2002200
0200022
0022000
0200220
0020002
0022222
2222222
0020000
0200202
2222002
2020020
0222220
0202022
2020200
2222200
2000202
2000022
0220002
0000000
0020220
0202002
0222000
2222022
2000222
2222222
2020200
2220002
0202202
0222220
0220200
2202022
0220002
2220020
0022002
2220200
0022022
0222220
0222000
2002000
2202022
2000020
2022222
2220202
0220002
0222000
2002002
0202022
2000022
2202020
0020200
0220022
0000000
0220222
0222020
0002222
2222020
0220000
2200000
2020000
0220202
2200222
2000200
2022022
0220020
0202020
0020200
0220200
0202002
2222022
2002002
2002002
2020220
0022020
0222022
2200002
2220220
2022202
2002220
2022020
0200222
2022000
2020002
2002222
2000002
0022200
2022000
0000222
2222022
0222022
2022202
0000020
2002002
0202202
0000000
0200020
0222202
2020222
2000220
0022202
2002220
2022002
2002222
0000022
